points	pH	moisture	salinity	OC	TN	conduc	availN	NO3-N	NH4-N	TP	F	availP	CEC	Pb	Cd	Ni	As	Mn	V	Al	Fe	benzene	toluene	ethylbenzene	m,p-Xylene	o-Xylene	NAP	BaA	CHR	C6_C9	C10_C40
SB1-1	8.50	27.2	0.6	0.195	153	17.1	34.4	4.50	0.30	628	549	4.4	7.5	15.5	0.13	27	12.3	424	33.2	5.95E4	2.93E4	0.43	0.07	1.21	1.08	1.73	3.68	0	0	3.37	1.49E3
SB1-2	8.96	12.8	0.4	0.451	103	10.2	56.8	8.20	0.15	600	453	3.4	4.1	6.3	0.07	19	8.2	283	22.9	4.95E4	2.13E4	1.39	7.75	34.4	66.6	42.6	51.9	0	0	1.35E3	1.95E4
SB1-3	8.60	13.5	0.4	0.430	83.1	10.3	32.2	8.93	0	562	486	3.4	5.4	7.6	0.10	21	8.7	334	26.0	5.54E4	2.53E4	0	6.76	17.7	41.8	24.2	40	0	0	723	6.64E3
SB1-4	8.44	20.5	0.4	0.229	165	12.9	59.2	5.09	0.58	675	584	7.8	11.9	13.0	0.12	29	9.1	465	33.4	5.87E4	2.98E4	0	0	7.38	2.22	0	2.12	0	0	4.09	2.29E3
SB1-5	8.33	21.4	0.7	0.267	328	18.5	70.0	11.4	0.36	628	637	7.2	14.0	13.5	0.11	34	12.0	588	40.7	6.49E4	3.42E4	0	0	1.57	0.89	0	4.62	0	0	2.25	2.78E3
SB6-1	8.94	18.8	0.5	0.452	277	13.9	39	1.76	0.37	730	441	1.87	9.2	55.0	0.13	26	13.2	530	71.9	5.59E4	2.89E4	0	0	0	0	0	0	0	0	0	84
SB6-2	8.66	15.2	0.5	0.389	543	15.0	33	4.76	2.44	783	827	4.74	14.8	25.9	0.26	36	19.6	719	89.2	6.80E4	3.73E4	0	0.07	0.31	0.28	0	5.14	0	0.2	1.33	1.83E3
SB6-3	8.78	13.5	0.3	0.909	292	9.0	33	4.76	0.43	739	358	4.24	6.0	17.2	0.14	24	9.8	480	65.2	5.56E4	2.54E4	1.54	1.01	23.3	52.3	26.9	0	1.1	0	651	1.61E4
SB6-4	9.01	10.5	0.2	0.476	304	6.8	11	2.34	0.27	677	385	2.80	5.0	12.7	0.09	23	13.6	460	61.5	5.04E4	2.38E4	0.65	8.25	12.6	29.0	19.6	76.3	0	0	572	7.89E3
SB6-5	8.71	21.5	0.3	1.99	257	7.6	41	4.39	1.20	656	373	4.18	4.9	13.7	0.15	17	9.3	425	55.9	4.85E4	2.13E4	9.24	54.1	71.8	157	115	0	0	0	2.91E3	1.50E4
SB7-1	8.74	19.1	0.6	0.429	574	17.4	55	4.62	0.42	752	453	3.11	8.9	17.4	0.20	31	11.0	571	72.6	6.43E4	3.21E4	0	0	0	0	0	0	0	0	0.24	74
SB7-2	8.69	20.8	0.4	0.423	501	12.2	49	2.90	2.08	805	630	5.81	15.0	20.5	0.19	40	19.1	740	90.9	6.61E4	3.71E4	0.09	0	1.75	0.76	0.09	6.77	0	0	3.07	2.15E3
SB7-3	8.76	21.1	0.3	0.549	216	8.4	68	3.69	0.76	681	447	4.44	6.1	15.5	0.15	27	10.1	504	65.9	5.54E4	2.55E4	1.11	0	20.1	37.9	17.4	0	0.3	0	670	3.98E3
SB7-4	8.82	6.8	0.2	0.502	297	6.6	24	1.82	0.37	690	434	4.64	4.8	13.6	0.09	23	12.6	433	60.5	5.07E4	2.29E4	0	5.96	8.57	21.5	15.3	79.9	0	0	691	9.57E3
SB7-5	8.92	16.4	0.4	0.664	448	12.2	38	4.46	0.42	694	464	4.20	7.8	17.0	0.10	28	10.4	430	59.5	5.47E4	2.59E4	4.26	12.5	35.8	74.3	57.7	0	0	0	1.18E3	1.84E4
SB8-1	8.73	16.3	0.5	0.274	604	14.6	47	8.46	0.83	748	488	5.45	7.8	15.8	0.12	29	10.3	487	65.4	5.62E4	2.68E4	0	0	0	0	0	0	0	0	0.23	70
SB8-2	8.59	29.0	0.4	0.294	525	11.4	52	3.73	5.86	754	662	5.96	13.6	21.3	0.22	40	14.2	689	84.0	6.64E4	3.80E4	0.08	0	0.88	1.39	0.29	1.49	0	0	1.41	417
SB8-3	9.06	10.8	0.3	0.531	273	7.9	29	2.47	1.02	645	439	4.51	5.5	13.8	0.13	24	9.1	416	56.2	5.12E4	2.39E4	0	1.33	12.5	29.6	21.3	0	0	0	571	1.35E4
SB8-4	8.94	7.2	0.2	0.322	268	6.5	30	1.57	0.60	766	439	3.03	4.6	15.5	0.09	22	11.1	388	55.5	4.82E4	2.26E4	0	1.05	10.2	25.7	18.5	49.8	0	0	507	1.42E4
SB8-5	9.20	13.8	0.2	0.164	322	7.1	30	1.13	0.34	701	399	3.63	5.1	15.5	0.14	24	11.2	417	55.2	4.65E4	2.22E4	0	0	0.09	0.14	0.10	0	0	0	4.23	847
SB9-1	9.42	26.3	0.7	0.142	472	19.7	114	1.12	105	828	529	4.39	9.9	18.8	0.13	34	14.5	596	76.7	5.95E4	3.01E4	0.07	0	0	0	0	0	0	0	0.32	49
SB9-2	8.83	28.6	0.9	0.340	597	25.7	46	8.34	1.57	837	724	6.29	24.3	26.2	0.23	48	8.3	491	37.3	7.61E4	4.43E4	0	0.07	0.27	0.36	0.07	15.3	0	0	6.15	1.48E3
SB9-3	9.15	17.9	0.4	0.069	355	12.2	55	2.16	0.50	686	467	3.64	5.3	16.4	0.05	23	10.3	406	56.6	4.94E4	2.39E4	1.20	0	27.4	7.95	2.04	7.66	0	0	1.16E3	2.71E3
SB9-4	9.12	16.5	0.4	0.044	241	11.4	19	0.363	0.48	726	483	2.73	4.8	16.4	0.09	21	11.0	421	58.4	4.95E4	2.37E4	0	0	0	0	0	0.12	0	0	0	145
SB9-5	8.91	22.7	0.6	0.125	260	16.7	11	1.10	2.02	934	515	3.75	7.9	18.3	0.14	24	12.6	517	66.7	5.72E4	2.80E4	0	0	0	0.08	0	0	0	0	9.95	208
SB10-1	9.22	23.4	0.7	0.248	415	18.9	22	0.786	0.48	585	567	4.64	17.1	25.0	0.12	33	16.5	601	90.1	7.01E4	3.61E4	0.74	0.44	0.12	0.15	0.06	0	0	0	0.13	46
SB10-2	8.80	28.6	0.8	0.307	558	22.1	42	4.38	1.35	761	703	5.41	9.7	28.4	0.23	44	19.9	909	101	7.27E4	4.35E4	0.15	0.07	0.06	0	0	13.6	0	0	8.18	1.80E3
SB10-3	9.11	27.6	0.6	0.124	331	17.7	7	0.884	1.47	736	539	4.21	9.1	19.4	0.14	28	11.5	539	71.7	5.74E4	2.96E4	2.03	0.12	1.09	0.93	0.36	0	0	0	2.19	86
SB10-4	9.09	11.8	0.3	0.036	222	9.8	6	1.44	0.48	886	447	1.90	4.1	10.6	0.09	19	9.3	413	60.1	4.40E4	2.32E4	0	0.05	0.14	0.22	0	0.14	0	0	0.11	172
SB10-5	9.10	23.0	0.5	0.093	528	15.8	19	1.26	0.88	800	489	3.55	6.5	13.1	0.10	24	12.1	420	63.3	5.27E4	2.49E4	0	0	0	0.06	0	0	0	0	1.91	250
SB11-1	8.86	38.1	1.4	0.317	589	41.2	20	0.612	0.40	701	629	8.00	33.8	30.6	0.26	47	17.6	938	107	8.04E4	4.64E4	0	0	0	0	0	0	0	0	0	431
SB11-2	8.89	29.4	1.0	0.530	638	29.2	19	10.6	0.35	716	734	4.96	26.6	28.0	0.25	47	8.1	776	106	8.08E4	4.85E4	0.57	0.39	0.59	0.75	0.10	75.4	0	0	22.4	1.82E4
SB11-3	9.15	19.4	0.5	0.248	207	13.5	25	2.53	0.32	733	493	3.65	6.4	17.2	0.10	22	9.2	442	62.5	5.22E4	2.58E4	1.43	0	31.2	69.3	19.9	25.7	0	0	1.34E3	6.10E3
SB11-4	9.05	29.4	0.5	0.094	182	13.2	25	1.91	0.11	704	493	2.66	5.4	13.5	0.09	25	8.5	393	53.4	4.91E4	2.40E4	0.07	0.13	1.16	2.82	0.20	9.56	0	0	6.97	1.67E3
SB11-5	8.92	23.6	0.7	0.129	385	19.7	19	1.70	0.36	979	512	8.63	8.9	15.4	0.14	28	13.4	534	69.0	5.63E4	2.85E4	0.34	0.11	0.06	0.26	0	0	0	0	5.15	210
SB12-1	8.40	18.2	3.3	0.522	571	93.5	29	1.40	0.44	985	605	5.99	15.4	36.8	0.24	50	14.2	602	161	7.28E4	3.49E4	0	0.05	0.06	0.13	0	0	0	0	0	404
SB12-2	8.55	26.0	0.6	0.093	232	17.8	27	4.27	0.45	803	582	2.64	7.7	14.6	0.11	30	9.5	524	70.7	5.82E4	2.93E4	0.28	0.15	0.99	1.90	0.41	0	0	0	1.83	520
SB12-3	9.19	11.8	0.3	0.056	159	7.7	10	1.70	0.44	818	468	3.00	4.4	14.3	0.08	23	10.0	383	54.4	4.74E4	2.37E4	0.28	0.19	0.05	0.09	0	0	0	0	0	54
SB12-4	9.21	10.3	0.4	0.469	214	11.1	6	2.83	0.41	765	487	3.03	4.9	12.0	0.09	24	10.1	375	52.5	4.62E4	2.35E4	0	5.25	46.5	143	54.4	86.2	0	1.0	2.91E3	8.87E3
SB12-5	9.12	20.8	0.6	0.176	246	18.2	6	4.06	0.27	863	526	3.66	7.0	15.7	0.12	26	12.9	541	68.6	5.69E4	2.67E4	1.87	1.30	9.71	24.4	7.88	0	0	0	0.85	331
SB14-1	9.17	10.6	0.6	0.321	347	16.2	6	0.775	0.18	712	553	2.33	10.2	21.4	0.17	26	11.8	595	70.3	5.88E4	3.11E4	0.83	0.62	0.10	0.32	0.11	0	0	0	0	81
SB14-2	8.87	15.6	0.8	0.222	402	22.8	18	1.34	0.24	772	536	4.34	9.9	22.5	0.13	28	12.8	526	70.1	5.70E4	2.83E4	1.00	2.38	0.38	2.44	0.82	0.15	0	0	0	133
SB14-3	11.47	34.2	3.8	0.222	267	109.8	38	23.9	0.53	710	505	31.2	13.4	14.3	0.12	20	10.6	410	53.4	4.86E4	2.42E4	0	0	0	0	0	0.11	0	0	0.13	389
SB14-4	9.05	11.5	0.3	0.046	170	9.8	19	0.569	0.66	768	446	1.87	4.4	14.0	0.10	20	10.3	378	53.5	4.80E4	2.27E4	0.63	6.38	4.56	19.3	9.06	0	0	0	0.22	55
SB14-5	9.58	14.5	0.3	0.032	174	9.2	7	0.466	0.23	885	443	2.10	4.2	13.2	0.06	17	11.1	405	56.6	4.87E4	2.34E4	0.87	0.89	0.19	0.66	0.31	0	0	0	0.12	35
SB15-1	9.26	16.8	0.4	0.249	383	12.9	12	0.272	0.45	739	526	2.80	11.5	20.6	0.14	22	12.2	581	69.6	5.74E4	2.84E4	0	0	0	0	0	0	0	0	0	75
SB15-2	11.23	28.9	1.7	0.167	248	49.5	45	8.52	0.48	678	491	18.7	12.7	17.0	0.11	24	12.9	514	67.7	5.57E4	2.75E4	0.18	0.48	0.18	0.71	0.30	0	0	0	0	58
SB15-3	10.08	17.1	1.5	0.061	259	42.5	62	0.942	58.2	667	482	5.40	5.3	13.9	0.10	23	11.8	479	64.7	5.39E4	2.49E4	39.3	173	61.7	218	91.5	0.11	0	0	4.99E3	173
SB15-4	9.66	35.9	1.1	0.228	446	31.3	34	1.32	18.0	769	618	5.91	14.6	25.7	0.20	35	17.0	661	82.8	6.59E4	3.60E4	0.06	0.48	0.58	2.54	1.30	0.16	0	0	6.89	52
SB15-5	9.29	21.2	0.4	0.040	212	10.3	6	0.328	0.51	799	466	1.91	4.1	13.0	0.07	19	10.6	402	54.2	4.53E4	2.24E4	0.79	0.65	0.09	0.31	0.18	0	0	0	0	27
SB16-1	8.66	11.1	1.7	0.239	369	49.6	18	1.15	0.27	765	559	2.65	11.6	18.3	0.14	30	14.5	581	76.5	6.12E4	3.24E4	0	0.07	0	0.10	0	0	0	0	0	104
SB16-2	10.62	22.5	1.9	0.178	263	54.0	17	6.05	2.76	736	535	12.7	13.6	16.6	0.12	25	12.1	474	61.3	5.22E4	2.59E4	0	0	0	0	0	0	0	0	0	55
SB16-3	10.27	16.3	1.5	0.043	224	42.8	7	0.859	0.96	670	469	4.64	5.7	13.8	0.10	26	9.8	425	62.2	5.49E4	2.60E4	0.75	0.32	0	0.09	0	0	0	0	0	69
SB16-4	9.90	15.9	0.6	0.035	172	16.6	10	0	0.58	718	480	1.61	4.6	12.9	0.09	18	11.3	400	56.9	4.59E4	2.21E4	0.15	0.29	0	0.13	0	0	0	0	0	44
SB16-5	9.40	23.3	0.9	0.193	453	25.0	24	0.992	17.9	799	532	4.70	11.8	16.8	0.18	32	13.8	552	73.5	6.26E4	3.22E4	2.72	1.72	0.36	0.80	0.63	0	0	0	0.98	45
SB21-1	8.28	21.8	0.6	0.309	401	16.2	32.6	2.20	0.53	646	631	6.1	11.6	15.2	0.36	26	9.4	440	33.6	5.98E4	3.04E4	0	0	0	0	0	0	0	0	0	66
SB21-2	8.35	23.0	0.8	0.770	359	23.1	86.9	27.4	10.6	611	645	7.9	17.2	23.5	0.11	42	10.4	748	49.4	7.10E4	3.87E4	2.13	0.77	3.80	6.24	3.32	47.0	0	0	6.54	1.42E4
SB21-3	8.55	7.4	0.3	0.081	159	9.9	31.7	5.08	5.03	611	466	4.1	4.3	7.5	0.09	22	6.0	300	24.8	5.13E4	2.32E4	0	0	0.47	0.66	0.08	0.78	0	0.1	0.27	653
SB21-4	8.76	12.3	0.3	0.038	125	9.2	29.4	3.11	0.30	605	455	2.6	4.1	6.9	0.08	22	8.9	296	23.2	4.97E4	2.26E4	0	0	0	0	0	0	0	0	0.11	74
SB21-5	8.27	15.1	0.4	0.066	123	9.9	27.2	1.63	1.92	567	453	1.8	4.5	7.2	0.09	20	8.8	264	23.2	4.94E4	2.21E4	0	0	0	0	0	0	0	0	0	120
SB2-1	8.58	23.5	0.5	0.236	520	13.2	16.5	2.39	0.40	605	708	2.4	12.3	16.2	0.13	29	10.3	471	36.5	5.97E4	3.04E4	0	0	0	0	0	0	0	0	0	132
SB2-2	8.70	27.7	0.6	0.215	287	18.0	67.1	3.80	3.28	628	644	5.4	15.7	22.6	0.17	39	13.8	620	42.3	7.06E4	3.95E4	0.60	0.06	1.56	0.87	0.24	2.12	0	0.2	12.4	1.15E3
SB2-3	8.46	9.9	0.3	0.095	87.0	9.2	59.6	4.39	0.75	624	606	2.5	4.9	7.4	0.07	20	6.5	309	24.8	4.93E4	2.28E4	0	0	0.22	0.26	0	0.55	0	0.2	1.02	1.10E3
SB2-4	8.62	9.6	0.3	0.054	80.4	8.9	11.5	3.61	0	537	439	2.4	4.7	7.5	0.09	20	9.5	297	24.0	4.87E4	2.24E4	0	0	0	0	0	0	0	0	0.16	35
SB2-5	8.66	17.1	0.4	0.061	291	12.1	15.0	2.62	1.03	612	529	1.6	4.3	6.6	0.08	19	8.0	250	22.9	4.82E4	2.22E4	0	0	0	0	0	0	0	0	0	54
SB3-1	8.30	26.2	0.4	24.6	1.49E3	12.0	21.0	3.89	0	332	691	1.5	0.9	61.6	1.2	83	6.7	103	45.3	9.00E4	1.18E4	0.05	0.07	0.30	1.88	0.76	0	0.3	1.1	0.89	4.14E4
SB3-2	8.33	27.0	0.6	0.443	150	17.0	69.5	8.26	1.06	571	656	2.5	13.5	22.0	0.15	40	13.6	618	43.8	7.15E4	3.92E4	1.83	0	4.74	5.32	1.21	12.5	0	0	273	3.08E3
SB3-3	8.55	8.8	0.3	0.339	84.9	9.2	26.1	7.32	0	608	572	4.6	4.5	6.7	0.08	22	7.4	309	24.2	5.18E4	2.34E4	0	0	11.6	26.4	6.26	31.4	0	1.1	342	6.84E3
SB3-4	8.62	23.6	0.4	0.053	73.8	9.9	17.2	2.38	0.30	604	436	1.9	4.3	8.6	0.07	20	7.7	262	22.6	4.72E4	2.14E4	0.09	0	0	0	0	0	0	0	0.19	36
SB3-5	8.70	5.8	0.3	0.058	110	8.1	21.0	3.07	0.26	583	567	3.3	4.1	8.7	0.02	21	8.0	277	24.5	4.76E4	2.16E4	0	0	0	0.06	0	0	0	0.1	0.48	814
SB4-1	8.52	18.7	0.4	0.237	315	12.4	13.6	1.71	1.39	631	580	3.1	11.8	15.8	0.14	30	10.2	459	35.4	6.15E4	3.12E4	0	0	0	0	0	0	0	0	0	104
SB4-2	8.37	31.2	0.8	0.275	459	22.4	26.6	4.78	0.61	615	716	5.1	21.9	18.8	0.20	37	14.0	623	45.0	6.97E4	3.85E4	0	0	0	0	0	0	0	0	0.13	31
SB4-3	8.17	20.8	0.5	0.161	65.9	13.3	100	13.4	0	739	617	8.8	6.1	11.2	0.11	22	6.3	405	28.3	5.42E4	2.52E4	0	0	0	0	0	0	0	0	3.29	3.73E3
SB4-4	8.67	6.8	0.3	0.031	253	7.0	33.2	2.04	0.60	667	444	2.0	3.8	8.1	0.08	22	7.8	293	28.4	4.36E4	2.29E4	0	0	0	0	0	0	0	0	0	24
SB4-5	9.50	20.9	1.8	0.058	101	52.5	42.6	1.50	2.74	687	592	5.2	4.8	7.1	0.08	21	7.9	282	24.9	4.54E4	2.10E4	0	0	0	0	0	0	0	0	0	67
