Genome	SB1-1	SB1-2	SB1-3	SB1-4	SB10-1	SB10-2	SB10-3	SB10-5	SB11-1	SB11-2	SB11-3	SB11-5	SB12-1	SB12-2	SB12-4	SB14-1	SB14-2	SB15-1	SB15-2	SB16-1	SB16-2	SB16-5	SB2-1	SB21-1	SB21-2	SB3-3	SB4-2	SB4-3	SB6-1	SB6-2	SB6-3	SB6-4	SB6-5	SB7-1	SB7-2	SB7-3	SB7-4	SB7-5	SB8-1	SB8-2	SB8-3	SB8-4	SB8-5	SB9-2
bin.5	0	0.000286865	0	0.000234191	0	0.000685159	0	8.27776E-05	0	0.000420087	0.004905921	0.000198893	0.000104891	0.004173802	0.003081079	0	0	0	0	0	0	0	0	0	0	0	0	0	0	0	0.000646837	0	0	0	0	0.000195592	0	0	0	0.000515795	0	0	0	0.000116667
bin.128	0	0	0	0	0	0	0	0	0.000165867	0.000692491	0	0	0	3.2557E-05	0	0	0.000795137	0	0	0	0	0	0	0	0	0	0	2.20149E-05	0	0.000120458	0	0	0	0.00043535	0	0	0	0	6.87067E-05	0.0001812	0	0	0	0
bin.144	0.000515314	9.62531E-05	0	9.50036E-05	0.00026612	0	6.86219E-05	0.000139892	0.000333093	0	0	0	0.001067947	0.000208942	0	0.000507065	0.010474027	0.000546985	0.000278757	0.001399962	0.000944777	0.000134393	0.000619988	0.001062681	0.000195979	0	0.000144412	0	0.000351792	0.000325856	3.78351E-05	0	0	0.003262328	0.000151105	0	0	0	0.000936772	0.000158439	0	0	0	0
bin.35	0.000105432	0.000584355	0	0	0	5.83402E-05	0	0	0	0	0	0	0	0	0	0.000202073	0	0	0	0	0	0	0.000265292	0.00038111	0	0	0.000239386	0	0	0.000985797	0	0	0	0	0.001218612	0	0	0	0	0	0	0	0	0
bin.20	0	0	0	0	0	0	0	0	0.000859286	0	0	0	0.000937898	0.000103759	0	0.000125813	0	0.001208594	0	0.000399276	0.000260991	0	0.00015	0.00010116	0	0	0	0	0.000158214	0	0	0	0	0	0	0	0	0	0.000102596	0	0	0	0	0
bin.77	0	0.002267676	0.001171219	0	0	0.000162246	0	0	0.000347633	0.000265747	0	0	0	0.000628619	3.11597E-05	0	0	0	0	0	0	0	0	0	0	0.00411951	0.000217195	0.000742987	0	3.14728E-05	0.003215302	0	0	4.18021E-05	0.002455619	0.002310448	7.85766E-05	0	0	0.001438168	0.015004629	3.55108E-05	0	6.68966E-05
bin.74	0.005160968	0	0	0	0	0	0	0	0	0	0	0	0	0	0	0	0	0	0	0	0	0	4.96675E-05	0	0	0	0	0	0.001143428	0	0	0	0	0	0	0	0	0	0	0	0	0	0	0
bin.153	0	0.001604442	0.001239883	0.000860736	0	0.00149916	0	0.000876455	0.001028789	0.001026904	0.001383524	0.000672468	0	0.001237041	0.000642627	0	0	0	0	0	0	0	0	0	0.000518043	0.010813866	0.001089334	0.005713435	0	0.000756614	0.001226649	0.001121918	0.000677616	0.000760324	0.002817155	0.001383884	0.001304765	0.001020088	0	0.001614801	0.001568579	0.001275788	0.009156464	0.000583723
bin.63	0	0	0.000149263	0	0	0.000449038	0	0	0	0.001833723	0.000378249	0.000171864	0	0.004591695	0	0	0	0	0	0	0	0	0	0	0	0	2.42682E-05	0	0	0	0.000266559	0	0	0	0	0	0	0	0	0	0	0	0	8.81893E-05
bin.89	0	0	0	0.0060706	0	0	0	0	0	0	0	0	0	0	0	0	0	0	0.000847245	0	0	0	0.00255581	0	0	0	0	0	0	0	0	0	0	0	0	0	0	0	0	0	0	0	0	0
bin.55	0	0	0	0	0	0.000426409	0	0	0	0.002515275	0	0	0	0.000417568	0	0	0	0	0	0	0	0	0	0	0.00049993	0	5.48093E-05	0.000357453	0	0	0	0	0	0	0	0	0	0	0	0	0	0	0	0.001636241
bin.120	0	0.000282307	0	0	0	0	0	0	0	0.000155485	0	0.000808461	0	0.000185283	0	0	0	0	0	0	0	0	0	0	0	5.62341E-05	4.68355E-05	0.002416596	0	0	0.000100074	0	0	0	0.00156191	0.000558373	0	0	0	0.006495547	0	0	0	0
bin.116	0	0.002201697	0.001758719	0.000422969	0	0	0	0.000320443	0	0	0	0	0	0.000708674	0	0	0.002727691	0	0	0	0	0	0	0	0	0	0	0	0	0.001402646	0.007870763	0	0	6.91875E-05	0.005055049	0.012269535	0.000532061	0	0	0.033838303	0.01466032	0.000954046	0.002204206	0
bin.43	0	0	0	0	0	0	0	0.001189777	0	0	0	0.000633052	0	0	2.80675E-05	0	0	0	0	0	0	0	0	0	0	0	0	0	0	0	0	0	0	0	0	0	0	0	0	0	0	0	0	0
bin.17	0	0.000113066	0	0	0	2.4514E-05	0	0	0	0	0	0	0	0	0	0	0	0	0	0	0	0	0	0	0	0.000181346	0	0	0	0	0.000881069	9.9365E-05	0.000325391	0	2.40783E-05	0.000274653	6.0625E-05	4.52009E-05	0	0	1.98867E-05	0.001333183	0.000905819	3.45996E-05
bin.105	0	0.001312577	5.40803E-05	0	0	0.000129635	9.63254E-05	0	0	1.48302E-05	0	0	0	0.000504622	0	0	0	0	0	0	0	0	0	0	0.000302869	0.000163105	0	1.93423E-05	0	0.000547986	0.00035731	0	0	0	0.000230844	0.000134221	0	0	0	0.001086646	0	0	0	6.16867E-05
bin.12	0	0	0	0	0	0	0.00037491	5.50333E-05	0	0	0	0.000101459	0	0	0	0	0	0	0	0	0	0.005503397	0	0	0	0	0	0	0	0	0	0	0.003411849	0	0	0	0	0.001217543	0	0	0	0	0	0
bin.125	0	0	0	0	0	0.000691529	8.62798E-05	0.008451347	0	0	7.17467E-05	0.001437477	0	0.002556366	0	0	0	0	0	0	0	0	0	0	0	0	0.000708894	0.000138053	0	0	0	0	0	0	0	0	0	0	0	0	0	0	0	0.001413818
bin.97	0	0.000707685	0.000455002	5.19661E-05	0	0.001044802	0.000151748	5.38739E-05	0.000662057	0.00020815	0.001265165	7.25634E-05	0	0.00035045	0	0	0	0	0	0	0	0	0	0	0.001465324	0.000754875	0.001506263	0.000122676	0	0.000162129	0.001836807	0	0.004042013	0	0.000263241	0.000393591	0	0.003351061	0	0.000728664	0.000251222	0	0.000291819	0.000235372
bin.27	0	0	0	0	0	0	0	0.000569596	0	0	0	0.000686883	0	0	0	0	0	0	0	0	0	0.000438301	6.86704E-05	0	0	0	3.89633E-05	0	0	3.34021E-05	0	0	0.001187103	0	4.23086E-05	0	0	0.000972159	0	0	0	0	0	0
bin.146	0	0.001248336	0	4.90534E-05	0	8.71099E-05	5.10868E-05	0.00433166	0	0	0	0.011948887	0	6.13646E-05	0	0	2.46075E-05	0	0	0	0	0.000274374	0	0	0	8.50056E-05	0.000570557	5.21282E-05	9.28425E-05	0.000120095	3.72197E-05	0	0.001019602	0	0.001673594	8.66844E-05	0	0.000222273	0	0.001159265	0	0	2.33032E-05	9.07551E-05
bin.44	0	0	0	0	0	0.000144609	0	2.27504E-05	0	0.000322603	0	0.000274574	0	0.000533023	3.12544E-05	0	0	0	0	0	0	0	0	0	3.27774E-05	0	0.000671652	0.002393316	0	0	0	0	0	0	0	0	0	0	0	0	0	0	0	2.44503E-05
bin.67	0	0.002480035	0.000420482	0	0	0.000868041	6.82283E-05	0.001910762	0	6.81484E-05	0.003100347	0.000774584	0	0.002620666	0.000231516	0	0	0	0	0	0	0	0	0	0	0.000797014	0.000933941	0.002528037	0	0.00090204	0.001064249	0	0.004630369	0	0.000595758	0.000373586	0.000314759	0.006589418	0	0.003525564	0.000623926	0.000355859	0.000357511	0.00115258
bin.87	0	0	0	0	0	0	0.000705853	0.002390884	0	0	0	0.00294192	0	0	0	0	0	0	0	0	0	0.000877658	0	0	0	0	0	0	0	0	0	0	0.000424065	0	0	0	0	0.000310629	0	0	0	0	0	0
bin.133	0	0	0	0	0.000609278	0	0	0	0	0	0	0	0	0	0	0	0	0	0	0	0.000639272	0	0	0	0.001534437	0	0	0	0	0	0	0	0	0	0	0	0	0	0	0	0	0	0	0
bin.21	0	0	0	0	0	0	0	0.001288229	0	0	0	0.001186309	0	0	0	0	0	0	0	0	0	0	0	0	0	0	0	0	0	0	0	0	0	0	0	0	0	0.000128892	0	0.000405651	0	0	0	0
bin.129	6.2606E-05	4.79989E-05	2.09265E-05	0	0	0	0	0	0.00012966	0	0	0	0.000791917	0.000134381	0	0	0.000440931	0	0	0.000191234	0	0	0.000107158	0	0	0	0	0	0	0	3.94497E-05	0	0	0.003745008	2.91227E-05	2.64439E-05	0	0	0.000991848	5.95657E-05	0	0	0	0
bin.60	0	0.000155414	0.00085014	0.002904104	0	9.57613E-05	0	0	0	0.000197993	0.000107646	0	0	7.70075E-05	0.000225613	0	0	0	0	0	0	0	0	0	0.000243274	0.000684433	0	0.000184195	0	0	0.000454721	0.000940443	0.000516348	0	0.000225977	0.001370753	0.000879302	0.000423033	0	0.000181557	0.001411076	0.000786333	0.000447501	0.000184307
bin.69	0	0.000103092	0	0	0	0.000162176	0	0	0.000658002	2.28576E-05	0	0	0	0.000286776	0	0	7.19004E-05	0	0	0	0	0	0	0	0.002330737	0	0.00053441	0	0	0.000192951	0	0	0	0	0.000127305	0	0	0	0	0.000136636	0	0	0	9.57081E-05
bin.4	0	0	0	0	0	8.42895E-05	0	0	5.44188E-05	0.000637037	0	0	0	0.001205529	0	0	0	0	0	0	0	0	0	0	0	0	0	0	0	0	0	0	0	0	0	0	0	0	0	0	0	0	0	0.000128965
bin.57	0	0	0	0	0	0.01769709	0	0	0.000437659	0.000610371	0	0	5.10815E-05	0.000863045	0	0	0.000101911	0	0	0	0	0	0	0	0	0	0	0	0	0	6.13572E-05	0	0	8.95102E-05	0	6.96139E-05	0	0	0	0.001295479	0	0	0	0.011498436
bin.152	0	0	0	0	0	0	0	0	0	0	0	0	0	0	0	0	0	0	0	0	0	0	0	0	0	0	0	0	0	0	3.41294E-05	0	0	0	5.22134E-05	0.000322013	0	0	0	0.014368665	0.013019242	0	0	0
bin.110	0	0.00110316	0	0	0	0.000518358	6.41779E-05	0	6.75519E-05	0.000148323	0	0	0	4.74609E-05	0	0	0	0	0	0	0	0	0	0	0.000662596	0	3.49292E-05	0	0	0.000559247	0.000266632	0	7.7748E-05	0	0.000858676	0.000484855	0	3.72562E-05	0	0.000142055	8.34369E-05	0	0	0.000287207
bin.18	0	0.000392723	0.002665975	0.003249072	0	0.000933797	0	0.000152664	5.824E-05	0.000695889	0.002721857	0.000343855	0	0.000474169	0.001092289	0	0	0	0	0	0	0	0	0	0.000247066	0.006643442	0.000382115	0.000488679	0	0.000237145	0.004662595	0.012178626	0.001036589	0	0.000515622	0.002844425	0.020755565	0.002025262	0	0.000229834	0.000769238	0.016404781	0.02212142	0.001625418
bin.111	0	0	0	0	0	0	0	0.002613865	0	0	0	0.004725491	0	0	0	0	0	0	0	0	0	0	0	0	0	0	0	0	0	0	0	0	0	0	0	0	0	0	0	0	0	0	0	0
bin.79	0	0.000110081	0	0	0	0.000617369	0.000173199	0.000203177	0	0.000158956	0	0.00024037	0	0.000626285	0	0	0	0	0	0	0	0.000260608	0	0	0	0	9.89696E-05	0.000118475	0	0	0.000200884	0	0.000331315	0	0.000251701	0	0	0.000201811	0	8.12203E-05	0	0	0	0.001259419
bin.56	0	0.001495368	0.000170215	0	0	0.003445993	0.002247033	8.74727E-05	0.000391671	0	0	0.000158225	0	0.000935201	0	0	0	0	0	0	0	0.000199884	0	0	0.000110576	0	0.005954853	0.002425196	0	0	0.001574317	0	0.000283617	0	0.000708028	0.002951932	0	0.000333832	0	0	0	0	0	0.000879602
bin.40	0	0	0	0	0	0	0	0	0	0	0	0	0	0	0	0	0	0	0.006380981	0	0.002908916	0	0	0	4.01787E-05	0	0	0	0	0	0	0	0	0	0	0	0	0	0	0	0	0	0	0
bin.85	0	0.001640757	0.000123444	0	0	0.000106672	0	0.000700168	0	0.000634074	0.000261564	0.000776199	0	0.000492865	0.000599751	0	8.98381E-05	0	0	0	0	0	0	0	0	0	0	4.46514E-05	0	0.000407383	0.00013907	0	0	0	0	0	0	0	0	0	0	0	0	0.000266378
bin.6	0	0	0	0	0	0	0	0	0.000208316	0	0	0	0.002465965	0.000414782	0	0.000365577	0.018038559	0.000582403	0.00038827	0.001741555	0.000135208	0	0.00017705	0.000205534	0	0	0	0	0.000231426	0	0	0	0	0.000199611	0	0	0	0	0	0	0	0	0	0
bin.84	0	0	0	0	0	0	0	0.000534011	0	0	0	0.000749296	0	0	0	0	0	0	0	0	0	7.44448E-05	0	0	0	0	0.000167448	0	0	0	0	0	0.007545796	0	0	0	0	0.005940195	0	0	0	0	0	0
bin.121	0	0	0	0	0	0	0	0	0	0	0	0	0.000193516	2.58775E-05	0	0	0	0	0	0	0	0	0	0	0	0	0	0	0	0	0	0	0	0.000664226	0	0	0	0	0.002375772	0	0	0	0	0
bin.88	0	0.000885175	0	0	0	0	5.97141E-05	6.05203E-05	0	6.6158E-05	0	0.000138738	0	0.012179857	0	0	0	0	0	0	0	0	0	0	9.23598E-05	0	0.006390358	0.015290015	0	0.000883139	0	0	0	0	0.000366925	0	0	0	0	0.002313858	0	0	0	0
bin.62	5.646E-05	0	0	0	0	0	0	0	0	0	0	0	0	0	0	0	0	0.001473807	0	7.53545E-05	0.001845297	0	7.23013E-05	0	0	0	0	0	0.00015552	0	0	0	0	0	0	0	0	0	0	0	0	0	0	0
bin.72	0	0.000573726	0	0	0	0	0.000115973	0.009210304	0	0	0	0.005814849	0	0	0	0.000195577	0	0	0	0	0	0.001569852	0	0	0	0	0	0	0	0	0	0	0.001748311	0	0.00031489	3.88161E-05	0	0.000930853	0	0.000347101	0	0	3.06352E-05	0
bin.58	0	0	0	0	0	0	0	0	0	0	0.001349764	0.001048931	0	2.40553E-05	0	0	0	0	0	0	0	0	0	0	0	0	0	0	0	0	0	0	0	0	0	0	0	0	0	0	0	0	0	0
bin.139	0	4.61669E-05	0	0	0	0.000143891	7.78475E-05	0.000165587	0.000176972	2.58307E-05	0	0.000163578	0	4.31954E-05	0	0	0	0	0	0	0	0.001802985	0.00021527	0	6.97923E-05	0	0.000234732	0	0	0	0	0	0.001604288	0	7.44923E-05	0	0	0	0	0.000115489	0	0	0	0.000237634
bin.33	0	0.010677929	0.003294307	0.036080785	0	0.007025611	0.000143361	0.009236926	0.000462442	0.002356219	0.016122789	0.008100885	0	0.011379696	0.019706838	0	0	0	0	0	0	3.79185E-05	0	0	0.000319516	0.022495852	0.004311171	0.02263431	0	0.001671139	0.011520361	0.03238685	0.0135357	0	0.034948714	0.006566066	0.019455893	0.020482988	0	0.00251219	0.001344042	0.015104885	0.023188505	0.00468564
bin.70	0	0	0	0	0	0	0	0	0	0	0	0	0	0	0	0	0	0	0	0	0	0	0.002751196	0.000871777	0	0	0	0	0	0	0	0	0	0	0	0	0	0	0	0	0	0	0	0
bin.108	0	0.000946685	6.40949E-05	8.02284E-05	0	0.000155912	0	4.25129E-05	0	0	0	0	0	0.001232066	0	5.80061E-05	2.38028E-05	0	0	0	0	0	0	0	0.000204971	0	0.001214682	0	0	0.001088926	0.000144109	0	0	0	4.79167E-05	4.23991E-05	0	0	0	4.06543E-05	0	0	0	0.000571098
bin.114	0	4.18619E-05	0	0	0	0	0	0	0	0.000713228	0	0	0	0	0	0	0	0	0	0	0	0	0	0	0	0	0	0	0	0	0.000326758	0	0	0	0	0.000830328	0	0	0	8.02709E-05	0.007566279	0	0	0
bin.95	0	0	0.001188072	8.62977E-05	0	0	0	0	0	0.000186016	0	0	0	0	0	0	0	0	0	0	0	0	0	0	0.000179896	0.000453534	0.000995467	2.38167E-05	0	0.000144659	0.000745971	9.08467E-05	0	0	0	5.47206E-05	0.000387048	0	0	0	0	8.03042E-05	8.54028E-05	0
bin.106	0.00015936	0.000180629	0.000583022	0.001145443	0.000324248	0.000101607	0.000470244	0.000609905	0.00116225	0	0.000102168	0.000189117	0.000732526	0.000394626	0	0.000274502	0.000191807	0.000371596	0.000688011	0.000417698	0.000262058	6.4153E-05	0.000228752	0.000276181	6.14044E-05	0.000924688	0.000642464	0	0.000510877	0.000172563	0.000203681	0.000103136	0.000133943	0.000908171	0	0.00050198	0.000213696	0.000179112	0.000791352	0.000151871	0.000606229	0.00066375	0	7.62761E-05
bin.53	0	0	0	0	0	0	0	0	0	0	0	0	0.00012074	0	0	0	0	5.24481E-05	0	0.000106574	5.4121E-05	0	0	0	0	0	0	0	0	0	0	0	0	0.00084137	3.76631E-05	0	0	0	0.005587589	0	0	0	0	0
bin.117	0	3.13291E-05	0	0	0	0	0	0.00044891	0	5.87899E-05	0	0.000750374	0	0.004231689	0	0	0	0	0	0	0	0	0	0	0	0	6.1404E-05	0.007500279	0	0	0	0	0	0	0	0	0	0	0	0	0.000610269	0	0	0
bin.138	0	0.002846976	0.008710024	2.90188E-05	0	0.000510045	0	0.00124971	7.70431E-05	0.00247551	0.004019565	0.001515389	0	0.001447015	0	0	0.000277347	0	0	0	0	0	0	0	0.002851687	0.002646734	0.000441182	0.000156891	0	0.00053257	0.006027235	0	0.010074134	0	0.000558447	0.0044334	4.01205E-05	0.005047903	0	0.001456398	0.007035146	0.000187333	0.000704847	0.000533696
bin.150	0	0	0	7.9424E-05	0	0.014648685	4.69161E-05	0.00043804	0.000343006	0	0	0.003891233	0	0.000147179	0.00020562	0	0	0	0	0	0	0	0	0	0	0.003841028	0.03138777	0.002483405	0	0	0.000131047	0	0	0.000142135	0	0	0.000123621	0	0.000464426	0	0	0	0	0.000130176
bin.29	0	0	0	0	0	0.001781253	2.62283E-05	0.00534665	0	0	0	0.009618847	0	0.000111841	0.000569629	0	0	0	0	0	0	0	0	0	0	0	0.001036909	0.000935307	0	0	0	0	0	0	0	0	0	0	0	0	0	0	0	7.82509E-05
bin.45	0.00213437	0	0	0	0	0	0	0	0.001448602	0	0	0	0.002319679	0.000219933	0	0	0	0	0	0	0	0	0	0	0	0	0	0	0.001449834	0	0	0	0	0.039530523	4.61651E-05	0	0	0	0.040870333	0	0	0	0	0
bin.134	6.56433E-05	0	0	0	0	0	0	0	0	0	0	0	0.001475375	0.0001792	0	0	0.001591263	0.000283471	0	0.000512995	0.000104944	0	0	8.38034E-05	0	0	0	0	8.47059E-05	0	0	0	0	0.001300131	4.70909E-05	0	0	0	5.87658E-05	0	0	0	0	0
bin.8	0.000696012	0	0	0	0.000111816	0	0	0	0.000373805	0	0	0	0.003449305	0.000355968	0	0.000211017	0.000185588	0.000358622	0.000333305	0.000584619	0.00022501	0	0.000314221	0.000179954	0	0	0	0	0.000150458	0	0	0	0	0.00207487	4.94811E-05	0	0	0	0.000391259	6.26468E-05	0	0	0	0
bin.15	0	0.000986807	0	0	0	0.000313399	0	0.000566544	8.0628E-05	0	0	0.00066163	0	0	0	0	0	0	0	0	0	0	0	0	0	0	0.003313048	1.90825E-05	0	0.001778785	0	0	0	0	0.000922767	0	0	0	0	0	0	0	0	0.000184643
bin.61	0.000724548	0	0	0	0	0	0	0	0	0	0	0	0	0	0	4.22425E-05	0	0	0	0	0	0	0.001719189	0.002646404	5.85925E-05	0	5.06562E-05	0	4.85594E-05	0	0	0	0	0	0	0	0	0	0	0	0	0	0	0
bin.1	0	0	0	0	0	0	0	0	0.002925851	0	0	0	0.000740103	3.26857E-05	0	0	0	0	0	7.98945E-05	8.40748E-05	0	0	0	0	0	0	0	0	0	0	0	0	0.000175498	0	0	0	0	0.002883609	0	0	0	0	0
bin.37	0	0.000364182	6.00143E-05	0.00259617	0	0.001515906	0	0.001033802	0.000196114	0.000271016	0.000531991	0.000313267	0	0.001254484	7.43619E-05	0	0	0	0	0	0	0.001281297	0	0	0.003122315	6.60777E-05	6.75022E-05	0	0	0.00050269	0.000176905	0.000118813	0.000317604	0	8.87978E-05	2.55226E-05	5.06721E-05	0.000303081	0	0.001207583	0	0	0	0.000753085
bin.82	0	0	0	0	0	0.000248636	0	4.00675E-05	0	0.000214766	9.85015E-05	0.001290336	0	5.67426E-05	0.000145524	0	0	0	0	0	0	0	0	0	0	0.000101041	2.24703E-05	0	0	0	0	0	0	0	0	0	0	0	0	0	0	0	0	0.000409286
bin.48	0	0.000386049	0.000112182	0	0	0	0	0	0	9.36891E-05	0	0	0	6.7179E-05	0	0	0	0	0	0	0	0	0	0	6.20775E-05	0	3.80737E-05	0	0	6.67009E-05	0.000958809	0	0	0	3.96114E-05	0.001414754	0	0	0	0.000214989	0.000673525	0	0	1.99702E-05
bin.26	0	0	0	0	0	0.000660711	0	0	0	5.37685E-05	0	0	0	6.00455E-05	0	0	0.000106004	4.05885E-05	0	0	0	0	0	0	0.02257901	0	0.002119883	1.60656E-05	0	0	0	0	0	0	0	0	0	0	0	0	0	0	0	5.43858E-05
bin.136	0.00029934	0	0	0	0	0	0	0	7.74722E-05	0	0	0	0.000156188	0	0	0.003661922	0	0.000234879	0	8.91508E-05	0	0	0.001427971	0.000954169	2.37369E-05	0	0	0	0.000425637	0	0	0	0	0	0	0	0	0	0	0	0	0	0	0
bin.66	0	0	0	0	0	0.000579615	0	0.001238899	0	0	0	0.001820814	0	0.000712013	0.00027925	0	0	0	0	0	0	0	0	0	0	0	0	0	0	0	0	0	0	0	0	0	0	0	0	0	0	0	0	0.000495012
bin.112	0	0.000503776	0	6.78162E-05	0	0.000130897	0	0.000151272	8.92284E-05	1.89226E-05	3.06213E-05	8.30169E-05	0	0.000589909	0	0	0	0	0	0	0	0.000115856	0	0	0	0	9.06868E-05	2.89921E-05	0	0.00016427	0.000117289	0	0.000222155	0	0.000324625	0	0	8.13914E-05	0	0.001123068	0	0	0	4.09367E-05
bin.51	0	0	0	0	0	0	0.002917704	0.000735109	0	0	0	0.001263678	0	0	0	0	0	0	0	0	0	0.003644217	0	0	0	0	0	0	0	0	0	0	0.000999016	0	0	0	0	0.000261709	0	0	0	0	0	0
bin.46	0	5.63858E-05	5.0738E-05	9.52617E-05	0	9.66025E-05	0	4.87066E-05	0	0.000141589	4.86099E-05	7.36851E-05	0	0.000137483	6.92953E-05	0	5.28073E-05	0	0	0	0	0	0	0	0.000862317	9.26602E-05	2.57854E-05	0.00015801	0	0	0.000106746	9.66804E-05	0	0	6.60707E-05	0.000146638	0.00017254	0	0	0.00027301	0.000204297	0.000158641	6.84613E-05	8.71272E-05
bin.130	0	0	0	0	0	0	0	0	0	0	0	0	0	0	0	0	0	0.004030141	0	0	0.000966057	0	0	0	0	0	0	0	0	0	0	0	0	0	0	0	0	0	0	0	0	0	0	0
bin.22	0	9.8646E-05	9.92482E-05	0.00016135	0	0.000113275	0	0.000293408	0.000173321	0.000165813	0.000292663	0.000159075	0	0.000336811	0.000363125	0	0	0	0	0	0	0	0	0	0.00018628	0.000334791	6.02612E-05	0.000171086	0	5.88708E-05	0.000108634	2.6227E-05	0.000144253	0	0.0001298	0.000148364	8.34218E-05	0.000117301	0	0.000278644	4.54948E-05	8.98978E-05	0.000139891	0.000122565
bin.23	0	6.35774E-05	0.000750293	0	0	0	0	0	0	4.09073E-05	0.001681833	0	0	0	0	0	8.60622E-05	0	0	0	0	0	0	0	0.000181627	9.54742E-05	0	0	0	0	0.000390898	0	0	0	0	8.60819E-05	4.78556E-05	0.000233023	0	0	0	0	0	0
bin.104	0	0.00185649	0.003545465	0.000976164	0	0.0027005	0	0.000549844	0.000271739	0.00336923	0.00108336	0.000339038	0	0.002470902	0.000533117	0	0.00019931	0	0	0	0	0	0	0	0.001241483	0.004598845	0.000790453	0.002699969	0	0.001127627	0.003369058	0.000474369	0.000200849	0	0.003339349	0.007184551	0.000627599	0.000581623	0	0.002092206	0.003457719	0.000376969	0.00034779	0.000928777
bin.64	0	0.000426737	0	0.000115054	0.000179127	0.000975495	0.000410036	0.001157095	0.002164117	0.00011218	6.84585E-05	0.000304668	0.000194173	0.00024292	6.87008E-05	0.000172267	0.000405825	0	0	0	0	0.000743491	0	0	0.015109965	9.16367E-05	0.001648362	6.73563E-05	0	0.000520316	8.95661E-05	0	0.001459233	0.000441407	0.000289812	4.58977E-05	4.97638E-05	0.000746847	0.000410033	0.000408344	0	0	8.23513E-05	0.00041006
bin.119	0.003311356	0.010707896	0.005183322	0.008508914	0	0	0	0	0	0	0	0	0	0	0	0	0.000356294	0	0.00019483	0.000193444	0.000224801	0	0	0.000104547	0	0	0	0	0	0	0	0	0	0.000295323	0	0	0	0	0	0	0	0	0	0
bin.86	0	0	0	0	0	0	0	0	0	0	0	0	0	0	0	0.00047792	0	0.007124211	0	6.7788E-05	0.001991068	0.000114696	0.000147277	0.000511672	0	0	0	0	0.000242775	0	0	0	0	0	0	0	0	0	0	0	0	0	0	0
bin.100	0	0	0	0	0	0.000449023	0	0	7.71372E-05	0.002423427	0	0	0	0.002657535	0	0	0	0	0	0	0	0	0	0	0	0	0	0	0	0	0	0	0	0	0	0	0	0	0	0	0	0	0	0.000183136
bin.132	0	0.000906681	0.000234835	0.002382939	0	0.001851053	9.78756E-05	0.006595077	0.000179216	9.57225E-05	0.001043801	0.002418746	0	0.002027325	0.001339275	0	0	0	0	0	0	0.000224898	0	0	0.001253328	0.000441236	0.000331159	0.000225273	0	0.000252328	0.000903266	0.000537525	0.001198603	0.000118894	0.000473767	0.000185303	0.000485722	0.002496461	0.000111882	0.000771877	0.000124085	0.000203562	0.000179383	0.002130492
bin.30	0	0	0	0	0	0.000275315	0	0	0	0.002569933	0	0.000117119	0	7.39726E-05	0	0	0	0	0	0	0	0	0	0	0	0	0	0	0	0	7.32991E-05	0	0	0	0	0.00012106	0	0	0	0	0	0	0	0.000169742
bin.122	0	0.000487007	0	0.000145582	0	0.000581315	4.63029E-05	0.000537109	4.10281E-05	0	0.000107793	0.000156619	0	3.89197E-05	0	0	0	0	0	0	0	0.000257992	0	0	0.000429452	5.40156E-05	0.00086335	1.90953E-05	0	0.00036131	2.98829E-05	2.8155E-05	4.98253E-05	0	0.001108202	0	4.65067E-05	5.30521E-05	0	0.000309332	0	0	0	0.000186708
bin.47	0	0.0003105	3.31218E-05	7.72889E-05	0	0.00010045	0	0	4.68307E-05	1.43081E-05	0.000315953	6.28992E-05	0	3.22815E-05	9.28626E-05	0	0	0	0	0	0	0	0	0	0.006044959	0.00010338	0.000166976	0.000488839	0	0.000163677	4.08246E-05	8.95692E-05	0	0	0.000304316	5.70126E-05	8.20882E-05	0	0	0.000171549	0.000118308	5.33715E-05	6.43782E-05	0.000293811
bin.107	4.20604E-05	0	0	0	0	0	0	0	0.000144017	0	0	0	0.000776606	0.000166765	0	0	0.011752777	0.000233398	0	0.001084976	0	0	7.86479E-05	7.84996E-05	0	0	0	0	0	0	0	0	0	0.000947246	0	0	0	0	0.001845338	0	0	0	0	0
bin.127	0	0.002285038	0	0	0	4.36005E-05	0	0.000991827	0	0	0	0	0	0	0	0.000340204	0	0	0	0	0	0.000922323	0	0	0	0	8.0239E-05	0	0	0.000184999	0	0	0.005334864	0	0.003242906	7.84174E-05	0	0.002565637	0	0.00018626	0	0	0	0
bin.83	0	0	0.000765362	0	0	0	0	0	0	0	0	0	0	0	0	0	0	0	0	0	0	0	0	0	0	0	0	0	0	0	0.000498406	0	0.000583367	0	7.44519E-05	0.00025234	0	0.000533434	0	0.000577599	0.000143288	0	0	0
bin.113	0.001035747	0	0	6.88104E-05	0	0	5.60734E-05	0.001573876	2.82216E-05	0	0	0.001971411	0	0	0	0	0	0	0	0	0	0	0	0	0	3.24803E-05	0.000214287	0	0	0	0	0	0	0	0	0	0	0	0	0	0	0	5.26002E-05	0
bin.135	0	0	0	0	0	8.65789E-05	2.97136E-05	7.6561E-05	0.000185613	0	0	0	0	0	0	0.000101745	0	0	0	0	0	0.000963455	0.000296316	0	0	0	0.000141265	0	0.000334311	0	0	0	0.002856139	0	0.001313423	9.33843E-05	0	0.003583411	0	6.66952E-05	0	0	0	0.000110338
bin.49	0	0.00117182	0.000567895	0	0	0.000210907	0.000576747	0.000315368	0	0.000198797	0.000127594	0.000441629	0	0.000313783	0.000162607	0	0	0	0	0	0	0	0	0	0	0.000545046	0.000111212	0.000362923	0	0.000164857	0.000917154	0	0	0	0.000135957	0.000516268	0	0	0	0.000143331	6.82806E-05	0	0	0.000246245
bin.2	0	0	0	0	0	0	0	0.001125911	0	0	0	0.000953069	0	0	0	0	0	0	0	0	0	0	0	0	0	0	0	0	0	0.000106276	0	0	0	0	0	0	0	0	0	0	0	0	0	0
bin.38	0	0.000103225	0	0	0	0.000844038	0.000385022	0.004370168	0	0.001626468	5.35508E-05	0.000759911	0	2.25133E-05	0.000358244	0	0	0	0	0	0	0	0	0	0.00110195	0.000264803	0	6.38806E-05	0	6.19351E-05	0	0	4.60357E-05	0	2.46368E-05	0	0	5.96013E-05	0	0.000298909	0	0	0	0.000258265
bin.92	0	3.47451E-05	0.000321494	0	0	0	0.000196359	3.60704E-05	0	0	0	8.68334E-05	0	0	0	0	0	0	0	0	0	0	0	0	0	0	0.000187534	0.000353004	0	0	0.000658893	0	4.96731E-05	0	5.25077E-05	0.001637024	5.57165E-05	8.03338E-05	0	0.000981934	0.002595894	0.000383364	0.00014662	0
bin.91	0.000140744	0	0	0	0	0	0	0	0.007677334	0	0	0	0.002669257	0.000168996	0	0	0.000199409	0	0	0.000401144	0	0	0	0	0	0	0	0	0.000173728	0	0	0	0	0.003164714	0	0	0	0	0.026220407	0	0	0	0	0
bin.123	0.001716202	0	0	0	0	0	0	0	0.00085482	0	0	0	0.004532795	0.000104011	0	0.004362051	0	0.00052978	0	0.000184042	0.000118703	0	0.000769663	0.001106309	0	0	0	0	0.001563003	0	0	0	0	0.001192347	0	0	0	0	0.000121064	0	0	0	0	0
bin.141	0	0	0	0	0.000107703	0	0	0	0	0	0	0	0	0.000524896	0	0	0	0	0	0	0	0	0	0	0	0	0.000193908	0.000289828	0.000111644	0	0	0	0	0.019082822	0.000280648	0	0	0	0.032015362	0	0	0	0	0
bin.16	0	3.39625E-05	0	0	0	0.000226871	0	0	0	0.002704859	0	0	0	0.001861844	0	0	0	0	0	0	0	0	0	0	9.05386E-05	0	3.9325E-05	0.000346382	0	4.7666E-05	0	0	0	0	0	0.000155094	0	0	0	0.000268639	0	0	0	6.8351E-05
bin.24	0	0.001444949	0	0	0	0.000578261	0	0.000136362	0	0.000276105	0	0.000195866	3.19352E-05	0.00022467	0	0	0.00060801	0	0	0	0	0	0	0	0	0	3.8051E-05	0	0	0.000149581	0.000183571	0	0	4.42563E-05	0.000258606	0.000352728	0	0	0	0.000193725	0.000106534	0	0	0.001838916
bin.11	0	0	0.001710167	0	0	0	0	0	0	0	0	0	0	0	0	0	3.05979E-05	0	0	0	0	0	0	0	0	0	0	0	0	0	0.001679423	0	0	0	0	0.007427072	0.000214852	0	0	5.30618E-05	0.022659667	0.000312002	0	0
bin.94	0.000179325	0.000126802	0.000107922	0	0	3.24895E-05	0	0.000338568	8.04751E-05	9.62997E-05	0	0.000107219	0.000162928	0.000514706	0	0	0.000177169	0	0	0	0	0	0	0	0.000279446	0	0.000698936	0.00042756	0	4.54744E-05	0.000650526	0	0	0.003288404	0.000253641	0.000175762	0.00017943	0	0.000108892	0.000104158	0.00027903	0	0	7.08783E-05
bin.65	0	0.006468865	0.010628754	0.000125522	0	0.001218134	0.000166338	0.003838508	0	0.001948512	0.016196709	0.003139798	0	0.007009689	0	0	0	0	0	0	0	0	0	0	4.77457E-05	0	0.000569508	0.001303193	0	0.000648787	0.017158797	0	0	0	0.004273916	0.004149956	3.43424E-05	0	0	0.000623999	0.001616907	0.000127893	0.002781206	0.002859065
bin.81	0	0.000463616	0.00015279	4.2754E-05	0	0.000132808	0	2.38112E-05	3.48982E-05	0.000127623	0.000138812	8.46808E-05	0	0.000118127	0	0	0.000340187	0	0	0	0	0	0	0	0.000643372	2.24509E-05	0	3.01522E-05	0	0.000174238	0.002103019	0	0	0	0.000202556	0.000489309	0	0.000114972	0	0.000105117	0.000425248	0	0	0.000109862
bin.137	0	0	0	0	0	0	0	0	0.007085797	0	0	0	0	3.76891E-05	0	0	0	0	0	0	0	0	0	0	0	0	0.003058025	0	0	0	0	0	0	0.000250286	0	0	0	0	0	0	0	0	0	0
bin.32	6.93197E-05	0	0	0	9.10393E-05	0	0	0	0.001437111	0	0	0	0.000148666	0	0	0.000153429	0	0.000174094	0	0.000252134	0.001914159	0	0.000215978	0.000666941	0	0	0	0	0.000120373	0	0	0	0	0.000162968	0	0	0	0	0	0	0	0	0	0
bin.96	0.000273103	0	0	0	0	0	0	0	0.001253639	0	0	0	0.007462083	0.000501726	0	0.000201829	0	0	0	0.000594795	0	0	0.000429865	0.000313182	0	0	0	0	0.00027453	0	0	0	0	0.002917955	0	0	0	0	0.000956021	0	0	0	0	0
bin.131	0	0	0	0	0	0	0	8.48534E-05	6.85281E-05	0	0	8.77762E-05	0.000114744	0	0	0.00032975	0	0	0	0	0	0.000767266	0	5.11986E-05	0	0	0	0	0.000332802	0	0	0	0.002140228	0	0.000023463	0	0	0.005303417	0	0	0	0	0	0
bin.140	0	0	0	0	0	0.006296401	0	0	0	0	0	0	0	0	0	0	0	0	0	0	0	0	0	0	0	0	0	0	0	0	0	0	0	0	0	0	0	0	0	0	0.000126714	0	0	0.17258287
bin.124	0	0	0	0	0	0	0	0	0	0	0	0	0	0	0	0	0	0	0	0	0	0.000959876	0	0	0	0	0	0	0	0	0	0	0.003405224	0	0	0	0	0.005356641	0	0	0	0	0	0
bin.75	0	0	0	0	0	0.001483608	0	0	0.000209066	0.011608818	0	0.000542122	9.48681E-05	0.001663936	0.008444068	0	0	0	0	0	0	0	0	0	0	0	0	0	0	0	0	0	0	0	0	0	0	0	0	0	0	0	0	0.000155024
bin.115	0	0	0	0	0	8.37259E-05	0	0	0	0.010053004	0.000232656	0	0	0.000409958	0.011765518	0	0	0	0	0	0	0	0	0	0	0	0	0	0	0	0	0	0	0	0	0	0	0	0	0	0	0	0	3.26135E-05
bin.155	0	0.056686425	0.24768812	0.14782642	0	0.059409447	0.00026364	0.025719533	0	0.03878354	0.27172	0.04690706	0	0.042074065	0.003009567	0	7.02719E-05	0	0	0	0	0	0	0	0.06836429	0.23461725	0.003915516	0.00807703	0.000282591	0.0133245	0.27725548	0.4054374	0.13248379	0	0.044157825	0.23434383	0.3995202	0.19236671	4.34963E-05	0.1115954	0.31204609	0.4628515	0.4622351	0.033823466
bin.90	0	0.001860004	0.000745796	0.0006701	0	0.001782985	3.49716E-05	0.006256596	0.000245187	0.00013132	0.003113577	0.002570303	0	0.006737527	0.000649424	0	8.03987E-05	0	0	0	0	0	0	0	0.007734629	0.005510404	0.000730873	0.001235668	0	0.003645511	0.001326555	0.000525756	0.000574034	3.02345E-05	0.001458587	0.001675553	0.000579992	0.00052218	0	0.000495848	0.000902667	0.000734009	0.001105312	0.003188226
bin.14	0	0.004484114	0.12804126	0.000329601	0	0.04563742	9.1644E-05	4.2484E-05	0	0.15216774	0.08226405	0.004040101	0.000177021	0.019092636	0	0	0.000345639	0	0	0	0	0	0	0	0.002790859	0.002647616	0.002962513	0.014052777	4.72514E-05	9.46994E-05	0.05285272	0	0	0	8.26822E-05	0.024425213	0.000277923	0	0	0	0	0	0	0.019337604
bin.10	0	0	0	0	0.007016505	0	0	0	0	0	0	0	0	0	0	0	0	0	0.012344493	0	0	0	0	0	0.000488557	0	5.09422E-05	0	0	0	0	0	0	0	0	0	0	0	0	0	0	0	0	0
bin.25	0	0.000457139	8.6013E-05	0	0	0	0	4.46304E-05	0	5.80856E-05	0.000176999	0.000235235	0	0	0.000239172	0	0	0	0	0	0	0	0	0	0	0	0	2.83425E-05	0	0.001180375	0.000135626	0	0	0	4.37632E-05	5.48458E-05	0	0	0	6.68177E-05	4.4606E-05	0	9.87422E-05	5.09233E-05
bin.80	0	6.21128E-05	0	0.002819537	0	0.000425363	0	0	0	0.000351926	0	0	0	8.86394E-05	0	0	0	0	0	0	0	0	0	0	0	0.005490096	0	0	0	9.8984E-05	0.00031135	0.001045333	0.000187326	0	0.000483982	0.000182627	0.001258923	0	0	0.000116476	0	0	0	0.00011734
bin.103	0	0	0	0	0	0	0	0	0	0	0	0	0	0	0	0	0	0	0.003957428	0	7.75899E-05	0	0	0	0.000368291	0	0	0	0	0	0	0	0	0	0	0	0	0	0	0	0	0	0	0
bin.68	0.001460447	0	0	0	0	0	0	0	4.49083E-05	0	0	0	5.24442E-05	0	0	0	0	0	0	0	0	0	0	0	0	0	0	0	0	0	0	0	0	4.97361E-05	0	0	0	0	0.00042114	0	0	0	0	0
bin.3	0	0.0005005	0.000670763	0	0	0.000153587	0	0	0	0.000918535	0.000451469	0	0	7.29841E-05	0	0	7.25851E-05	0	0	0	0	0	0	0	0.000363697	0	0	0	0	5.15378E-05	0.000144673	0	0	0	0.000108852	0.000540411	0	4.89059E-05	0	0.000385299	0.00106108	0	0	0.000172915
bin.109	0	0.001347237	0.001936529	0.000303888	0.000169908	0.000518409	7.70414E-05	0.000165421	0.000505444	0.000166328	0.001403395	0.000143345	0.000241568	0.001247144	0.000490251	0	0.000946263	0	0	0	0	0	0	0	0.000392283	0.001441308	0.000315383	0.000506619	0	0.000462453	0.001888302	0.00012179	0	0.00027174	0.000424252	0.002859362	0.00043635	0.000125941	0.00036596	0.001378286	0.005220128	0.000155785	0.000177591	0.000294122
bin.126	0	0.001225672	3.10239E-05	0	0	0.001950197	0	0.000390211	0.000113972	0.002299054	0	0.000300867	0.000358659	0.005666931	9.52065E-05	0	0	0	0	0	0	0	0	0	0.000102633	0.000372623	0.001537124	0.004360066	0	0.000244997	0.000365938	0	0	0	0.000804284	0.000147679	0	0	0	8.73331E-05	0	3.60556E-05	0	0.001174062
bin.142	0	0.001173448	0	0	0	0.00836017	0.000103407	0	0.000119605	0.000173035	0	0	0	7.21002E-05	0	0	0	0	0	0	0	0	0	0	0	0	0.000855803	0	0	0.00577538	0.000177217	0	0	0	0.000722033	5.39294E-05	0	0	0	0.000651254	0	0	0	0.000346079
bin.42	0	0.000397645	0	0	0	6.51977E-05	0	0.000650117	7.75212E-05	0	0	8.83558E-05	0	0	0	0.000111536	0	0	0	0	0	0.000798051	0	0	9.13273E-05	0	0.000139554	0	0	3.98738E-05	0	0	0.002988903	0	0.000224012	0	0	0.001795081	0	0.000280138	0	0	0	0
bin.73	0	0	0	0	0	0	0	0	0	0.00356258	0	0	0	0	0	0	0	0	0	0	0	0	0	0	0	0	0	0	0	0	0	0	0	0	0	0	0	0	0	0	0	0	0	0
bin.41	8.25031E-05	0	0	0	0	0	0	0	0.000776642	0	0	0	0.015826489	0.000654554	0	0.00020192	0	0.000690986	0	0.000452154	0	0	0.000544389	0.000441762	0	0	0	0	0.000876796	0	0	0	0	0.000352459	0	0	0	0	0.000602513	0	0	0	0	0
bin.143	0	0	0	0	0	0.000241983	0	0	0	0.013667556	0	0	0	0	0	0	0	0	0	0	0	0	0	0	0	0	0	0	0	0	0	0	0	0	0	0	0	0	0	0	0	0	0	0
bin.102	0	0.000259729	0	0	0	0.000555855	0	0	0	0.000220819	0	0	0	0.000209265	0	0	0.00349971	0	0	0	0	0	0	0	0.000335652	2.64749E-05	0	0	0	0	0.000115603	0	0	0	9.21981E-05	0.000173925	0	0	0	0	0	0	0	0.000567122
bin.9	0	0	0	0	0	0.000301805	0.000121348	4.55788E-05	0	3.10747E-05	0	0.003424648	0	0.000229044	0.006649159	0	0	0	0	0	0	0	0	0	0	0	7.96804E-05	0.000575558	0	0	0	0	0	0	0	0	0	0	0	0	0	0	0	0.000369926
bin.145	0.000923471	0	0	0	0	0	0	0	5.64104E-05	0	0	0	0.000118273	0	0	0.000196538	0	0.001564836	2.24175E-05	0.001411492	7.06037E-05	0	0.001616908	0.000364902	0	0	0	0	0.000231603	0	0	0	0	0	0	0	0	0	0	0	0	0	0	0
bin.118	0	0.000951054	0.000260468	0.00020565	0	0.000643528	0	0.000440427	0.00010715	9.52985E-05	0.000282719	0.000395085	8.56165E-05	0.000231355	0.000200676	0	0.001118018	6.32481E-05	0	0	0	0	0	0	0.000197173	0.000197979	0.000772592	0.000220995	0	0.000268991	0.000191302	5.22815E-05	0	0.000237823	0.00049636	0.000345535	0.000113106	0	0.000184141	0.002207493	0.000120647	8.21921E-05	4.53304E-05	0.000301024
bin.151	0	0	0	0	0	0	0	8.36844E-05	0	0	0	0	0	0	0	5.16728E-05	0	0	0	0	0	0.000523344	6.91472E-05	3.23778E-05	0	0	0	0	0.000231831	0	0	0	0.002577963	0	2.40246E-05	0	0	0.006303277	0	0	0	0	0	0
bin.148	0	0.001256518	0.001929077	0.000228146	0	0.000121456	0	0.000394119	0	5.4685E-05	0.005069736	0.000779156	0	0.000160736	0.000238036	0	0	0	0	0	0	0	0	0	0.001765231	0.000542702	8.87121E-05	0.000178538	0	0.000330433	0.001049482	0.000134988	0.001027399	0	0.000532366	0.001710583	0.000202591	0.000789671	0	0.000921783	0.001526943	0.000127456	0.000116313	0.000101493
bin.34	0	0.000151361	0.000136447	0	0	0.004366344	0.000208423	0.000731982	0.001363097	8.91867E-05	0	0.000337854	0	0.000903972	5.88941E-05	0	0	0	0	0	0	0.000104561	0	0	0	8.88515E-05	0.000908669	0.000187977	0	0.000113097	0.000272289	0	8.56719E-05	0	0.000791744	0.000448057	0	5.49491E-05	0	0.00064503	0.000430028	0	4.83404E-05	0.001313909
bin.36	9.07493E-05	0	0	0	0	0.002147737	0	0	0.000549825	0.00022503	0	0	0	4.52702E-05	0	0	0.000409143	0	0	0	0	0	0	0	0.008307075	0	0.005431163	0	0	0.00530146	0	0	0	0	0.000404279	0	0	0	0	0	0	0	0	0.000337375
bin.101	9.66848E-05	0.000281528	0	0	0	0.001769996	8.9826E-05	8.95525E-05	0	5.97475E-05	0	0.000120519	0	0	0	0	0	0	0	0	0	0.00034029	0.000126037	0	0	0	0.001916311	0	0	0.000971819	0	0	0.000106814	0	0.000812141	0	0	0	0	0	0	0	0	0.000434028
bin.149	0	0	0	0	0	0	0	0	2.99257E-05	0	0	0	0.00067153	2.48165E-05	0	0.000273036	0	0.004831941	3.58268E-05	0.001711834	0.000227775	0	4.45113E-05	0.000274971	0	0	0	0	4.67941E-05	0	0	0	0	0	0	0	0	0	0	0	0	0	0	0
bin.50	0.000153866	0	0	0	0	0	0	0	9.53652E-05	0	0	0	0.000377766	2.53095E-05	0	4.32957E-05	0	0	0	0	0	0	6.6719E-05	0	0	0	0	0	8.71913E-05	0	0	0	0	0.009371202	0	0	0	0	0.007832374	0	0	0	0	0
bin.54	0.000291681	0	0	0	0	0	0	0	0.000519357	1.64249E-05	0	0	0.001619635	0.000430871	0	0.000275072	0.009338149	0.000402539	0.000428434	0.001961286	0.000195122	0	0.000258626	0.000406171	0	0	0	0	0.000184037	0	0	0	0	0.002195942	0	0	0	0	0.000779107	0	0	0	0	0
bin.93	0	0.005058815	0.002164248	0.000195692	0	0.003926217	7.21852E-05	0.004503532	0.001672633	0.000935511	0.001332114	0.002803195	0	0.003991548	0.000605538	0	7.68623E-05	0	0	0	0	0	0	0	0.006189321	0.001768961	0.006664202	0.002657674	0	0.005193462	0.002633334	0.001134199	0.003387749	0	0.003325319	0.001938634	0.001648932	0.002860463	0	0.001163482	0.00252119	0.001289767	0.001608251	0.000971067
bin.7	0.000249723	0.0002119	0.000257336	0.000443493	0.000329105	0.000246483	0.000172588	0.00022649	0.000749253	5.23997E-05	5.05858E-05	0.000138668	0.000745752	0.000167109	2.64816E-05	0.000553811	0.000307081	0.000743039	0.000474899	0.001188831	0.000359837	0.000222014	0.000525105	0.000737397	0.000168573	0.000376244	0.000437255	5.5059E-05	0.000726027	0.000533748	8.66957E-05	8.43346E-05	0.000188381	0.00068727	0.000158541	0.000278881	0.000149572	0.000223217	0.000680006	0.000138454	0.000314878	0.000373634	0	0.000107531
bin.13	0.0001492	0	0	0	0	0	0	0	0.002821418	0	0	0	0.011978893	0.000192398	0	0.000597665	0.000167193	0.006420915	8.92971E-05	0.006296032	0.000128012	0	0.000429547	0.000518383	0	0	0	0	0.001901278	0	0	0	0	0.002178632	0	0	0	0	0.001632281	0	0	0	0	0
bin.78	0	0.007254436	0.000976426	0.016851735	0	0.00354614	0.000433914	0.015991355	0.000282281	0.00028561	0.004788203	0.00676576	0.00014479	0.014667103	0.04228318	0	0.000293763	0	0	0	0	9.0132E-05	0	0	0.00133702	0.001502829	0.003441498	0.04221104	0	0.013538016	0.002092014	0.000694938	6.06687E-05	0	0.003201376	0.00034608	0.00061804	0	0	0.006584573	0.000411021	0.00054771	0.004601837	0.004025156
bin.39	0	0	0	0	0	0	0	0.005709304	0	0	0	0.000404356	0	0	0	0	0	0	0	0	0	0.000881291	0	0	0	0	0	0	0	0	0	0	0.000297172	0	0	0	0	0.000578753	0	0	0	0	0	0
bin.28	0	0.000102186	0	0	0.000827794	0.008217038	0.000548763	0	0.007975636	4.91882E-05	0	0	0	0	0	0.000365208	0.000101222	0	0	0	0	0	0.000608396	0.000120849	0.000297122	0	0.00012088	0	0	0	0	0	0	0	0	0	0	0	0	0	0	0	0	0.000161222
bin.31	0	0.000371843	0.000996005	0.000748989	0	0.00061779	0	6.18999E-05	6.79818E-05	0.000203669	0	0	6.02552E-05	0.014482603	0	0	0	0	0	0	0	0	0	0	0.001370895	0.015657707	0.000713848	0.000249775	0	0	0.001798508	8.28339E-05	0	0	0.000726587	0.002330207	0.00038418	0	0	0.002124418	0.001533542	0.000395659	0	0.000482574
bin.147	0	0	0	4.01018E-05	0	5.61345E-05	8.21267E-05	0.000146649	0	2.31848E-05	0	9.96279E-05	0	0	0	0	0	0	0	0	0	0.00057215	0	0	0	0	0.000406493	0	0	0	0	0	0.001269456	0	0	0	0	0.001221769	8.59101E-05	0	0	0	0	0.000177139
bin.76	0	0.001005517	0.000595012	0.000886963	0	0.000249386	0	0.000449023	0.00114516	0.000290437	0.000367766	0.000488537	0	0.000381269	0.000175092	0	0.003177413	0	0	0	0	8.26571E-05	0	0	0.006868789	0.000743016	6.08579E-05	0.000850438	0	0.000279939	0.000516582	0.000685174	0.001428125	0	0.000260903	0.000471631	0.000622428	0.001061537	0	0.000424239	0.000808485	0.000475719	0.000413212	0.000256398
bin.98	0	0	0	0	0	3.47081E-05	0	0	0	0.000349424	0.000287067	0	0	4.03729E-05	0.000268511	0	0	0	0	0	0	0	0	0	0.001702208	0.000205884	0	0	0	0	0	0	0	0	0	0	0	0	0	0	0	0	0	4.08491E-05
bin.71	0	0	0	0	0	0	0	0	0	0	0	0	0	0	0	0	0	0.001967681	0	0	0.002052069	0	0	0	0	0	0	0	0	0	0	0	0	0	0	0	0	0	0	0	0	0	0	0
bin.19	0	0.000113304	0	0	0	0.000950599	0	0	3.08348E-05	0.000540475	0	0.000158941	0	0.003298273	9.09455E-05	0	0	0	0	0	0	0	0	0	3.19034E-05	5.49945E-05	4.47502E-05	0.001944573	0	0	7.14185E-05	0	0	0	0.000165148	0.000981736	0	0	0	0.00116508	0	0	0	0.000752373
bin.99	0	0.002259239	9.03579E-05	0.000142615	0	0.0004138	0	0.00029306	0	7.33511E-05	0	0.000214184	0	0.00028772	0.000337306	0	0	0	0	0	0	0	0	0	0.000179006	0.002114261	3.57337E-05	8.07526E-05	0	0.000515619	0.000284069	0	0.000306334	0	0.002052962	0.00025875	0	0	0	0.000259199	0	0	0	0.000607273
