MAG_ID	S1-1	S1-2	S1-3	S2-1	S2-2	S2-3	S3-1	S3-2	S3-3	S3-4	S3-5	S4-1	S4-2	S4-3	S5-1	S5-2	S5-3	S5-5	S6-2	S6-3	S6-4	S6-5
bin.1	0	0	0	0	0	0	0	0	0	0	0	0	0	0	0.003597699	0	0	0	0	0	0	0
bin.10	0	0	0	0	0	0	0	0	0	0	0	0	0	0	0.002277131	0	0	0	0	0	0	0
bin.101	0	0.001074252	0	0.00385434	0	0	0	0	0.000763961	0.000468781	0	0.000313836	0.000121972	0	0	0.002183676	0	0	0	0	0	9.96744E-05
bin.102	0	0	0	0	0	0	0	0	0	0	0.027259924	0	0	0	0	0	0	0	0	0	0	0
bin.103	0	0	0.001488006	0	0	0.001647103	0	0	0	0	0.000463415	0	0	0.000463985	0	0	0	0.000636573	0	0	0.000305427	0
bin.104	0	0	0.001116511	0	0	0.00103917	0	0	0	0	0	0	0	0.000499567	0	9.86234E-05	0	0.000152268	0	0	0.000380247	0.000129852
bin.105	0	0	0	0	0	0	0	0	0	0	0.012199186	0	0	0	0	0	0	0	0	0	0	0
bin.106	0	0	0	0	0	0	0.000493872	0	0	0	0.002178433	0	0	0	0	0	0	0	0	0	0	0
bin.107	0	0	0	0	0	0	0	0.000448053	0.000206195	0.000368653	0	0	0	0	0.001638076	0	0	0	0	0	0.000432435	0
bin.108	0	0	0	0	0	0	0	0	0	0	0	0	0	0	0	0	0	0	0	0	0	0.01117675
bin.109	0	0	0	8.12407E-05	0	0	0	0.000140038	0	0.00080503	0.05115925	7.8031E-05	0	0	0.000535944	0.000104727	0	0	0.000305084	0	0	0
bin.11	0	0	0	0	0	0	0	0	0	0	0	0.001633187	0.000961844	4.61844E-05	0.000992743	0	0	0	0	0	0	0
bin.110	0	0	0	0	0	0	0	0	0	0	0	0	0	0	0.001445647	0.000991397	0	0	0.000530452	0	0	0
bin.111	0	0.000215159	0	0.00023666	0	0	0.000119261	0.000198513	0	0	0	0.000407836	6.91614E-05	8.32818E-05	0.000782545	0.000206123	7.3329E-05	9.03094E-05	0.00098798	0	5.71205E-05	0
bin.112	0	0	0	0	0	0	0	0	0	0	0.001458397	0	0	0	0	0	0	0	0	0	0	0
bin.113	0	0	0	0	0.001377	0	0	0	0	0	0	0	0	0	0	0	0	0	0	0.004843779	5.29559E-05	0
bin.114	0	0	0	0	0.002230635	0	0	0	0	0	0	0	0	0	0	0	0	0	0.00011551	0.004773167	9.66856E-05	0
bin.115	0	0	0	0	0	0	0	0	0	0	0	0	0	0	0.002944517	0	0	0	0	0	0	0
bin.116	0	0	0	0	0	0	0	0	0	0	0	0	0	0	0	0.000418789	0.006101416	0	0	0	0	0
bin.117	0	0	0.00214021	0	0.000474529	0.001548777	0	0	0	0	0	0	0	0.001041498	0	0.000106683	0.00035529	0.028080168	0	0.000309444	0.000827778	0.000652731
bin.118	0	0	0.001479778	0	0	0.000437105	0	0	0	0	0	0	0	0.000214962	0	0.000197924	0.000198497	0.003046658	0	0	0.000774146	0.002187564
bin.12	0	0	0	0	0.00010891	0	0	0	0	0	0	0	0	0	0	0	0	0	0	0.003253641	0	0
bin.120	0.000523029	0	0.000346811	0	0	0	0.000517858	0.000195197	0.000180788	0.000184138	0	0.000236788	8.9924E-05	5.85756E-05	0	0	0	0	0.007162114	0	0.000135534	0
bin.121	0	0.000497486	0	0.0002575	0.00038252	0	0.000351442	0.000441634	0.000289678	0.0077656	0	0.000392556	0.000138268	0.000138416	0	0.008234794	0	0	0.000605957	0	0	0
bin.122	0	0	0	0	0	0	0	0	0	0	0.008163672	0	0	0	0	0	0	0	0	0	0	0
bin.123	0	0.002162069	0	0.00205189	0	0	0	0	0.000157471	0	0	0.002255018	0.000359817	0.000116184	0	0.000333638	0.000120512	0	0	0	6.59991E-05	0
bin.124	0	0	0	0	0	0	0	0.001369122	0.000239758	0.003128927	0	0	0	0	0.000319323	0	0	0	6.32239E-05	0	0.000374096	0
bin.125	0	0	0	0	0	0	0	0	0	0.000127155	0.006954212	0	0	0	0	0	0	0	0	0	0	0
bin.126	0	0	0	0	0	0	6.17024E-05	0.001745216	0.001182692	0.00180084	0.000510636	0.000161755	0.022051523	0.000515707	0.000260189	0	4.40769E-05	0	0	0	0.003975519	0
bin.127	0	0	0	0	0	0	0	0	0	0	0	0	0	0	0	0	0	0	0.014645846	0	0.000193169	0
bin.128	0	0	0	0.000257668	0.009600982	0	0	0	0	0.002207362	0	0.000327747	0.000171239	0.000710577	0	0.00073628	0.002182133	0	9.29253E-05	0.002901088	0.000518331	0
bin.129	0	0	0.000276437	0	0.00017417	0.000248455	0	0	0	0	0	0	0	0.000795738	0	0	0	0.001222097	0	0	0.000653958	0
bin.13	0	0	0	0	0.00255869	0	0	0	0	0	0	0	0	0.000123192	0	0.000254093	0.000189979	0	0	0.002602564	7.82535E-05	0
bin.130	0	0	0	0	0	0	0	0	0	0	0	0	0	0	0.004282285	0	0	0	0	0	0	0
bin.131	0	0	0	0	0	0	0	0	0	0	0	0	0	0.000330001	0	0.000785179	0.003387847	0	0	0	0	0
bin.132	0	0	0	0	0	0	0	0	0	0	0	0	0	0	2.76394E-05	0.000953952	0.010497286	0	0	0.000188798	0	0
bin.133	0	0.000555064	0	0.000392493	0	0	0	0.000740228	0.001072984	0.000239743	0	0.00106024	0.000277913	8.65868E-05	0	0	0	0	7.08576E-05	0	0	0
bin.134	0	0	0	0	0.000774117	0	0	0	0	0	0	0	0	0.000737413	0	0.000161741	0.001500858	0	0	0.001466236	0.001019591	0
bin.135	0	0	0	0	0	0	0	0	0	0	0	0.000691083	6.82561E-05	0	0.001684587	0	0	0	0	0	0	0
bin.136	0	0.000472571	0	0.000586814	0	0	0	0.00057943	0.000848205	0.0001808	0	0.000818235	0.000235945	0	0	0	0	0	0	0	0	0
bin.137	0	0.00022863	0.000171253	0.000174558	0.02607425	7.98944E-05	0	0.000198942	0.000188355	0.000373559	0	0	0	0.001203401	0	0.000437521	0.001303777	0	0.000155411	0.010635878	0.000726167	0
bin.138	0	0	0	0	0	0	0	0	0	0	0	0	0	0	0	0	0	0	0.003988523	0	0	0
bin.139	0	0	0	0	0	0	0	0	0	0	0	0	0	0.001655501	0	0	0	0.004039047	0	0	0	0.001172812
bin.14	0	0	0	0	0	0	0.004757116	0.00013793	0	0	0	0	0	0	0	0	0	0	0	0	0	0
bin.140	0	0.000103319	0	9.69963E-05	0	0	0	0.000164092	0.000218317	0.000110562	0	0.000178022	0.00415191	5.16957E-05	0	8.84646E-05	0	0	0	0	0	0
bin.141	0	0.001479719	0	0.00112044	0	0	0	0.000758591	0.00354758	0.00129099	0	0.000633989	9.09615E-05	0	0	0	0	0	0	0	0.000134321	0
bin.142	0	0	0	0	0	0	0	0	0	0	0.001471089	0	0	0	0	0	0	0	0	0	0	0
bin.143	0	0	0	0	0	0	0	0	0	0	0	0	0	0	0.002076842	0	0	0	0	0	0	0
bin.144	0	0.000562376	0	0.000494476	0.000105622	0	0	0.000313766	0.000238664	0.00078288	0	0.001255367	0.000565692	0.000130213	0	0.006886101	0	0	0.000139535	0	0.000191567	0
bin.145	0	0	0	0	0.006244826	0.00014822	0	0	0	0.00029055	0	0	0	0.000255444	0	0	0	0	0	0.006648399	0.000357111	0
bin.146	0	0	0	0	0	0	0	0	0	0	0	0.000180021	0.004598806	0.000120567	0	0	0	0	0	0	0	0
bin.147	0	0	0	0	0	0	0	0.000212257	0.000147432	0	0	0.000320523	5.7157E-05	0	0.005734833	0	0	0	0	0	6.03E-05	0
bin.148	0	0	0	0	0	0	0	0	0	0	0	0	0	0	0.012568707	0	0	0	0	0	0	0
bin.149	0	0.001387039	0	0.000424954	0	0	0	0.000252552	0.002358034	0.001064077	0	0.000783927	0.00010904	0	0	0	0	0	0	0	4.94624E-05	0
bin.15	0	0	0	0	0	0	0	0	0	0	0.027358541	0	0	0	0	0	0	0	0	0	0	0
bin.150	0	0	0.001945618	0	0	0.001442125	0	0	0	0	0	0	0	0	0	0	0	0	0	0	5.69209E-05	0
bin.151	0	0.000264571	0	0.000257222	0	0	0.00013782	0.000164785	0.000354546	0.000197199	0	0.000630562	0.002352679	0.000158948	0.000816175	0	9.77611E-05	0	0.000292993	0	8.68791E-05	0
bin.152	0.002575135	0.000250019	0	0.000141158	0.000418952	0	0.001639938	0.00066669	0.000404325	0.01326009	0	9.95196E-05	6.15538E-05	6.44193E-05	0	0.001601576	0.000149554	0	0	0.00043835	8.9006E-05	0
bin.153	0	0	0	0	0	0	0	0.000126102	0.000495871	0.000155225	0.001751704	0	0	0	0	0	0	0	0.008876622	0	0	0
bin.154	0	0.001352117	0	0.001189138	0	0	0	0	0	0	0	0	0	0	0	0	0	0	0	0	0	0
bin.155	0.019273759	0	0	0	0	0	0.002584649	8.12774E-05	0	0	0	0	0	0	0	0	0	0	0	0	0	0
bin.156	0	0	0.004631018	0	0	0.001351546	0	0	0	0	0	0	0	0.00241211	0	8.04354E-05	0	0.001938179	0	0	0.000563341	0.001827766
bin.157	0	0	0	0	0	0	0	0	0	0	0	0	0	0	0	0	0	0	0.004737753	0	0	0
bin.158	0	0	0.000396812	0	0.004791662	0.00020185	0	0	0	0	0	0	0	0.000138315	0	0	0	0.000211975	0	0.00355583	0.000832096	0
bin.159	0	0	0	0	0.005213851	0	0	0	0	0	0	0	0	0	0	0.000125628	0.000111562	0	0	0.001629982	0	0
bin.16	0	0	0.000500677	0	0	0.000481721	0	0	0	0	0	0	0	0.000252687	0	0	0	0.004345408	0	0	0.000453998	0.000737092
bin.160	0	0	0	0	0	0	0	0.000425297	0.000122695	0.000367613	4.70211E-05	0.000231243	0.007009155	7.24423E-05	0.00175015	0	0	0	0	0	0.000267384	0
bin.161	0	0.000303473	0	0.000215042	0	0	0	0.001113216	0.001179774	0.000506058	0	0.000431426	0.006622064	0	0.00020952	0.00012046	0	0	7.45072E-05	0	0	0
bin.162	0	0	0	0	0	7.95346E-05	0	0.00036985	0.000169355	0.000184427	0	0	0	0	0.013136781	7.49044E-05	4.80545E-05	0	0	0	0.00035062	0
bin.163	0	0	0	0	0	0	0	0	0	0	0	0	0	0	0.001684524	0	0	0	0	0	0	0
bin.164	0	0	0	0	0.001220941	0	0	0	0	0	0	0	0	0.000629952	0	0.00014971	0.000536494	0	0	0.001291971	0.000796604	0.014394174
bin.165	0.000221043	0	0	0	0	0	0	0.000122356	0	0.02108885	0	0	0	0	0	0.000241741	0	0	0	0	0	0
bin.166	0	0	0	0	0	0	0	0	0	0.000162103	0.001748969	0	0	0	0	0	0	0	0	0	0	0
bin.167	0	0	0	0	0	0	0	0	0	0.000170352	0.001054034	0	0	0.00010265	0	0	0	0	0	0	0.00012514	0
bin.168	0	0	0	0	0	0	0.0001579	0	0	0	0	0.001123279	0.000182041	0	0.003789479	0	0	0	0	0	0	0
bin.169	0	0	0	0	0.003132832	0	0	0	0	8.74673E-05	0	0	0	0.000140862	0	0.000748598	0.000290385	0	0	0.00073861	8.81408E-05	0
bin.17	0	0	0.003916143	0	9.62357E-05	0.001026569	0	0	0	0	0.000750478	0	0	0.004295519	0	0.000344862	0	0.000924404	0.000125597	0	0.000588517	0
bin.170	0	0	0.000259112	0	0	0.000231362	0	0	0	0	0.001586308	0	0	0	0	0	0	0	0	0	0	0
bin.171	0	0	0	0	8.53401E-05	0.000425926	0.000104651	0.000190423	0.000117596	0.000127376	0	0.000110452	0	0.000119051	0.029817853	0	7.8944E-05	0.000421851	0	0	0.000335132	0.009075179
bin.172	0	0	0	9.60048E-05	0	0	0	0.000258631	0	0	0	8.37894E-05	0	0	0.001820477	0	0	0	0	0	0	0.000476663
bin.173	0	0	0	0	0	8.50331E-05	0	0.000125787	8.0947E-05	0.000106073	0	0	0	0	0.008475709	0	0	0	0	0	8.10139E-05	0
bin.174	0	0	0.000194989	0	0	0.000510222	0	0	0	0	0	0	0	0.000694535	0	0	0	0.002267115	0	0	0.000129587	0
bin.175	0.000299964	0.000236913	0.000144209	0.000259104	0	0	0.000335036	0.00222353	0.001287948	0.000768093	0	0.000491043	0.000140302	0	0	0	0	0	0.000420094	0	0.000152738	0
bin.176	0	0	0	0.000151394	0.031806593	0	0	0	0	0	0	0	5.3393E-05	0.000239268	0	0.00082745	0	0	0	0.025737655	0.000398228	0
bin.177	0	0	0	0	0	0	0	0	0	0	0.00390386	0	0	0	0	0	0	0	0	0	0	0
bin.178	0	0	0.00147144	0	0	0.003238852	0	0	0	0	0.00470806	0	0	0.000342927	0	0	0	0.004832974	0	0	8.6716E-05	0.000234838
bin.179	0	0	0	0	0	0.000103289	0	0	0	0	0	0	0	0	3.6806E-05	0	0	0	0	0.012516049	0	0
bin.18	0	0	0.000655541	0	0	0.000441986	0	0	0	0	0.008341138	0	0	0	0	0	0	0	0	0	0	0
bin.180	0	0	0	0	0	0.000283287	0	0	0	0	0	0	0	0.000397432	0	0	0	0.004004532	0	0	0	0
bin.181	0.000726501	0	0	0	0	0	0.000715505	0.000168641	0.000124062	0.000162647	0	0.001009203	0.000137226	0.000231579	0.000282676	0	0	0	0.012854012	0	0.000254565	0
bin.182	0	0.000272714	0.000297621	0.000460444	0	0.000304825	0	0	0	0	0.000276632	0.000176533	0	0.000567267	0	0	0	0.005840892	0	0	0.000193527	0.000598685
bin.183	0	0	0	0	0	0	0	0.00012289	9.54904E-05	0.000118203	0	0	0	0	0.001338389	0	0	0	0	0	7.38022E-05	0
bin.184	0	0	0	0	0	0	0	0	0	0.000367129	0.36433655	0	0	0	0	0.000309797	0	0	0	0.001450226	0.000967522	0
bin.185	0.000726074	0.000264962	0	0.000162898	0	0	0.00073285	0.000785564	0.000563303	0.001942662	0	0.000218204	6.73874E-05	5.9374E-05	0	0.015457423	0	0	0	0	0	0
bin.186	0.000726926	0.000160777	0.000211953	0.000145036	0	0	0.001566688	0.000255604	0.000190437	0.000220817	5.8879E-05	0.00049966	0.000394382	0.000171918	0	0	0	0	0.010911887	0	0.000261081	0
bin.187	0	0	0	0	0	0	0	0	0	0	0	8.4541E-05	0.001316607	0	5.46166E-05	0	0	0	0	0	0	0
bin.188	0	0	0	0	0	0	0	0	0	0	0.009294373	0	0	0	0	0	0	0.000124294	0	0	0	0
bin.189	0	0	0	0	0	0	0	0.000126308	0.000161659	0	0	0.000469027	7.56968E-05	0	0.00869833	0	0	0	0	0	0	0
bin.19	0.00062955	0	0	0.000151258	0	0	0.000963287	0.000563217	0.000328688	0.004138005	0	0.000169321	0	0	0	0.003110542	0	0	0.000551642	0	0	0
bin.190	0	0	0.000382376	0	0	0.00037272	0	0	0	0	0.007755076	0	0	0.000104025	0	0	0	0	0	0	0.001224928	0
bin.191	0	0	0	0	0	0	0	0	0	0	0	0	0	0	0	0	0	0	0	0	0.003279828	0
bin.192	0	0	0	0	0	0	0	6.96168E-05	9.45241E-05	0	2.7861E-05	0.00090666	0.003966267	0.000312852	0.000323224	0	0	0	8.87691E-05	0	5.65146E-05	0
bin.193	0.000381365	0	0	0	0	0	0.000784784	0.000136759	0	0	0.002862845	0.000219992	8.97893E-05	0	0	0	0	0	0.000472106	0	0.000110519	0
bin.194	0	0	0	0	0	0	0	0	0	0	0	0	0	0	0.001733143	0	0	0	0	0	0	0
bin.195	0	0	9.34339E-05	0	0	0	0	0	0	0	0	0	0	8.18975E-05	0.000751769	0	0	0	0	0	0	0
bin.196	0	0	0	0	0	0	0	0	0	0	0	0	0	0	0	0	0	0	0	0	0	0.005871236
bin.197	0	0	0.001325133	0	0	0.001126692	0	0	0	0	0	0	0	0.000865743	0	0	0	0.001559312	0	0	0.000146522	0
bin.198	0	0	0	0	0	7.67925E-05	7.63646E-05	0.000131108	8.01471E-05	8.92016E-05	0	0.000202709	0	4.38003E-05	0.014224373	0	4.59592E-05	0.000110381	0	0	0.00017013	0
bin.199	0	0	0	0	0.000332465	0	0	0	0	0	0	0	0	0	0	0	0	0	0	0	0.002379663	0
bin.2	0	0.000893227	0	0.001702381	0	0	0.00030012	0	0	0	0	0.000533854	0.000251035	0	0	0.000342283	7.76128E-05	0	0.000138036	0	8.47342E-05	0
bin.20	0	0	9.31802E-05	0	0	9.08947E-05	0	0	0	0	0	0	0	0	0	0	0	0.000406905	0	0	0.000132056	0.002610745
bin.200	0	0.000944403	0	0.000334048	0.000676966	0	0	0.001045944	0.000198274	0.025792806	0	0.000379778	8.61801E-05	0.000821495	0	0.000783938	0	0	0.000195631	0.00028475	0.000255144	0
bin.201	0	0.000109667	0	0	0	0	0	0	0	0	0.000398444	0	0	0	0	0.000147335	0	0	0.002066753	0	0	0
bin.202	0	0	0	0	0	0	0	0	0	0	0	0.000855838	0.000848908	0	0.000474944	0	0	0	0	0	0	0
bin.203	0	0	0.001647593	0	0	0.001648789	0	0	0	0	0	0	0	0.000372269	0	0	0	0.001087456	0	0	0.000150763	0
bin.204	0	0	6.63419E-05	0	0	0	0.000163118	0	0	0	0	0	0	0.000399373	0	5.97416E-05	0.003091404	0	0	0	7.25559E-05	0
bin.205	0	0	0.000386647	0	0	0.000205243	0	0	0	0	0.000161298	0	0	0.000548955	0	0.008515163	0	0.000280995	0.000177548	0	0.000215304	0
bin.206	0	0	0	0	0	0	0	0	0	0	0.002410322	0	0	0	0	0	0	0	0	0	0	0
bin.207	0	0	0	0	0.003536663	0	0	0	0	0	0	0	0	8.4703E-05	0	0	0	0	0	0.002910034	7.34528E-05	0
bin.209	0	0.002802541	0	0.000390172	0.000248718	0.000181538	0	0.000134404	0.000253409	0.000152592	0	0.000156732	0	0	0.010950832	0	0	0	0	0	0.000121555	0
bin.21	9.11332E-05	7.10785E-05	0	8.45716E-05	0.000175817	0	0.000118337	0.000198587	9.85524E-05	0.000197591	0	0.00191166	0.21127113	0.001073929	0.003588381	9.23518E-05	9.84556E-05	0	0.000162264	0	0.000153338	0.000394594
bin.210	0	0	0	0	0.000253246	0.00028202	0.000455391	0.000305278	0.000226256	0.000195322	0	0	0	7.8417E-05	0.038528037	7.81432E-05	0.000274395	0.000202332	0	0	0.000290419	7.21092E-05
bin.211	0	0	0	0	0	0	0	0	0	0	0.001506933	0.000331044	0.000422042	0	0.000103539	0	0	0	0.000169219	0	0	0
bin.212	0	0	0	0	0	0	0	0	0	0	0	0.000144823	0.014558035	9.25786E-05	0	0	0	0	0	0	0	0
bin.213	0	0	0	0	0	0	0	0	0	0	0	0	0	0	0	0	0	0	0.008658721	0	0.000114966	0
bin.214	0	0.000668414	0	0.000469579	0	0	0	0.005020208	0.004636357	0.001902443	0	0.001079723	0.000533414	0	0.000243126	0.000250519	0	0	0.000174741	0	0	0
bin.215	0	0	0	0	0	0	0	0	0	0	0	0.000152618	0	0	0.001699257	0	0	0	0	0	0	0
bin.216	0	0.000619383	0	0.000652468	0	0	0	0.002202222	0.005011782	0.001892172	0.000124297	0.002029157	0.000570659	0.000127044	0.004889849	0.000312393	0	0	0.000112563	0	0.000462267	0
bin.217	0	0	0.009418336	0	0	0.00395897	0	0	0	0	0.000162285	0	0	0.001682205	0	0.000145764	0	0.001427729	0	0	0.001137397	0.00023404
bin.218	0	0	0	5.13562E-05	0	0	0	0	0	0	0	0	0	0	0	0	0	0	0.002425475	0	0	0
bin.219	0.000361715	0.000122389	0	0.000172423	0	0	0.000316132	0.004291217	0.003839314	0.001001935	0	0.000136325	4.65837E-05	0	0	9.52991E-05	0	0	0	0	0	0
bin.22	0	0	0	0	0	0	0	0	0	0	0	0	0	0	0.001879987	0	0	0	0	0	0	0
bin.220	0	0.001803628	0	0.0040115	0	0	0	0.000190946	0.000337934	0.000260082	0	7.40482E-05	0	0	0	0	0	0	0	0	0	0
bin.221	0	0.000129111	0	0.000102495	0	0	0.0002472	0.002261257	0.002943974	0.000644558	0	0.000157474	3.90459E-05	0	0	0	0	0	0.000526299	0	0	0
bin.223	0	0	0	0	0	0	0	0	0	0	0	0.000178398	0.002462369	0.000131948	0	0	0	0	0	0	0	0
bin.224	0	0	0	0	0	0	0	0	0	0	0	0	0	0	0	0	0	0	0	0	0.003174093	0
bin.225	0	0	0	0	0	0	0	0.000383166	0.000351184	0.000280314	3.35887E-05	0.000303515	0	0	0.006410058	0	0	0	0	0	0.000330245	0
bin.226	0	0.000137597	0	0.000105727	0.006126227	0	0	0	0	0.000351017	0	0	0	0.000154343	0	0.000422915	0.000740972	0	9.64692E-05	0.01957051	0.001206522	0
bin.227	0	0	0	0	0	0	0	9.7728E-05	0	0.000106762	0	0.000599802	7.41587E-05	5.3999E-05	0.000896627	0	0	0	0	0	6.41357E-05	0
bin.228	0	0.000181114	0	0.001381813	0	0	0	0.000304259	0.000216204	0.000153336	0	0.000115169	0	0	0	0.000112902	0	0	0.000122468	0	0	0
bin.229	0	0	0	0	0	0	0	0.00012503	0	0.000145841	0	0.001696564	0.003636127	0.000133888	0.001246864	0	0	0	0	0	0.000127349	0
bin.23	0	0	0	0	0	0	0	0	0	0	0	0	0	0	0.00137422	0	0	0	0	0	0	0
bin.230	0	0	0	0	0	0	0	0	0	0	0.023805747	0	0	0	0	0	0	0	0	0	0	0
bin.231	0	0	0	0	0	0	0	0	0	0	0	0	0.003053992	0.000316984	0	0	0	0	0	0	0	0
bin.232	0.005631883	0	0	0	0	0	0.000187704	0	0	0	0	0	0	0	0	0	0	0	0	0	0	0
bin.233	0	0	0	0	0	0	0	0	0	0	0	0.000397779	0.001377372	7.16489E-05	0	0	0	0	0	0	0	0
bin.234	0	0	0	0	0.005258824	0	0	0	0	0	0	0	0	0.000115592	0	0	9.98348E-05	0	0	0.005053859	0.0002509	0
bin.235	0	0	0	0	0	0	0	0	0	0	0	0	0	0	0.01125853	0	0	0	0	0	0	0
bin.236	0	0	0	0	0	0	0	0	0	0	0	0.000781657	0.00119034	0.000111633	3.84183E-05	0	0	0	0	0	0	0
bin.237	0	0	0.000311517	0	0	0.001488764	0	0	0	0	0	0	0	0.000412482	0	0	0	0.008105512	0	0	0.000569962	0
bin.238	0.000264504	0	0	0	0	0	0.00637199	6.10249E-05	0	0	0	0	0	0	0	0	0	0	0	0	0	0
bin.239	0.00573444	0.001487813	0	0.00096241	0	0	0.00013752	0.000401625	0.000530772	0.001154119	0	0.001312602	0.000273342	0	0	0.000211484	0	0	0	0	0	0
bin.24	0	0.000144744	0	0.000125298	0	0	8.67341E-05	0.000561853	0.000592025	0.000247877	0	0.000713582	0.011347948	0.000180125	0.000177175	0	0	0	0	0	6.55905E-05	0
bin.240	0	0	0.000338683	0	0	0.000218041	0	0	0	0	0	0	0	0.000365317	0	0	0	0.001885008	0	0	0.000495682	0
bin.241	0	0	0.000461004	0	0.000713117	0.000156819	0	0	0	0	0.000145205	0	0	0.000618922	0	0.000397185	4.37099E-05	0	0	0.001827572	0.000578713	0
bin.242	0	0	0	0	0	0	0	6.57522E-05	0	0	0	0	0	0	0.001287335	0	0	0	0	0	0.000104101	0
bin.243	0	0	0	0	0	0.000101352	0	0.000581531	0.000330695	0.000257478	0	0	0	0	0.013509222	0	0	0	0	0	0.000520684	0
bin.244	0	0.000798249	0	0.002238995	0	0	0	0	0	0	0	0.001970895	0.000376159	0	0	0	0	0	0	0	4.70154E-05	0
bin.245	0	0	0	0	0	0	0	0.000268329	9.68856E-05	0.000223851	0	0	0	0	0.007193514	0	0	0	0	0	0.000244638	0
bin.246	0	0	0	0	0	0	0	0	0	0	0.001931114	0	0	0	0	0	0	0	0	0	0	0
bin.247	0	0	0	0.000181108	0.000657835	0	0	0	0	0	0	0.000324982	7.30879E-05	0.000102177	0	0.005572148	0.001272389	0	0	0	0	0
bin.248	0	0	0	0	0	0	0	0.002826938	0.003077595	0.000591197	0	9.1856E-05	4.51953E-05	0	0	0	0	0	0	0	0	0
bin.249	0	0	0	0	0.010550933	0	0	0	0	0	0	0	0	0	0	0	0	0	0	0.014479895	0.000183994	0
bin.25	0	0	0	0	0	0	0	0	0	0	0	0	0.001214441	0	0.000138939	0	0	0	0.004983114	0	0	0
bin.250	0.004523623	0	0	0	0	0	0	0	0	0	0	0	0	0	0	0	0	0	0	0	0	0
bin.251	0	0	0	0	0	0	0	0	0	0	0	7.08963E-05	0	0	0.005778546	0	0	0	0	0	0	0
bin.252	0	0.000162984	0	0.000213107	0	0	0	0	0	0	0	0	0	0	0	0.005246823	0	0	0	0	0	0
bin.254	0	0.002427592	0	0	0	0	0	0	0	0	0	0	0	0	0	0	0	0	0	0	0	0
bin.255	0	0	0	0	0	0	0	0.000278144	0.000206363	0.000102982	0	0.000109093	0	0	0.00855463	0	0	0	0	0	0.000398215	0
bin.256	0	0.000609809	0	0.000408677	0	0	0	0	0	0	0	0.001558451	6.53142E-05	0	0	0.000222333	0	0	0	0	0	0
bin.26	0	0	0	0	0	0	0	0.000783303	0.000516489	0.000522704	0.000109128	0	0	0	0.009714398	0	0	5.72953E-05	0	0	0.001112502	0
bin.27	0	0	0	0	0	0	0	0	0	0	0	0	0	0	0	0.000825926	0.003274919	0	0	0	0	0
bin.28	0	0	0	0	0	0	0	0.000182304	0.000205249	0.000157993	0	6.58946E-05	5.00773E-05	0	0.005881361	0	0	0	0	0	0.000140451	0
bin.29	0	0	0	0	0	0	0	0	0	0	0	0	0	0.000241772	0	0.000227595	0.006285557	0	0	0	0	0
bin.3	0	0	0	0	0	0	0	0	0	0	0.001517382	0	0	0	7.09342E-05	0	0	0	0	0	0	0
bin.30	0	0	0	0	0.002801904	0	0	0	0	0	0	0	0	0.000194446	0	0	0	0	0	0.007837748	0.000337354	0
bin.31	0	0	0.000838709	0	0	0.001676873	0	0	0	0	0	0	0	0.00103119	0	0	0	0.003588395	0	0.000138553	0.001478847	0.11010821
bin.32	0	0.00153911	0	0.00072872	0.000610057	0	0.000372437	0.000546255	0.000322849	0.003145802	0	0.000438956	0.000132131	0.000174531	0	0.007810283	9.26838E-05	0	0.000653828	0.000225378	0.000105641	0
bin.33	0	0	0	0	0	0	0	0	0	0	0	0	0	0	0.002774055	0	0	0	0	0	0	0
bin.34	0	0	0	0	0	0	0	0.000191593	0.000140789	0	0	0	0	0	0	0	0	0	0.006776148	0	6.76242E-05	0
bin.35	0	0	0.000120749	0	0	0.000103092	0	0	0	0	0	0	0	0.000307862	0	0	0	0.000125649	0	0	0.000558577	0.004970933
bin.36	0	0	0.000104488	0	0	0	0	0	0	0.000130707	0	0	0	0.002176111	0	0.00158574	0.004370875	0	0	0	8.89973E-05	0
bin.37	0	0.000411354	0	0	0	0	0	0.000104046	0.003759255	0.000295561	0	0.000104542	0	0	0	0	0	0	0	0	0	0
bin.38	0	0	0	0	0	0	0	0.000105266	0	0	0	0	0	0	0.002193488	0	0	0	0	0	0.000105439	0
bin.39	9.27681E-05	0.001703803	0	0.003073355	0	0	0	0.001788235	0.000330151	0.001399345	0	0.002200069	0.000434523	0.000137799	0	0.001149941	0.000206812	0	0	0	0.000153663	0
bin.4	0.000361315	0	0	0	0	0	0.000621261	0	0	0	0.002167321	0	0	0	0	0	0	0	0	0	0	0
bin.40	0	0	0	0	0	0	0	0	0	0	0	0.000108492	0.006569603	8.11813E-05	0	0	0	0	0	0	0	0
bin.41	0	0	0	0	0	0	0	0	0	0	0	0	0	0	0.001751979	0	0	0	0	0	0	0
bin.42	0	0	0	0	0.000204727	8.06791E-05	0	0	0	0	0	0	0	0	0	0	0	0	0	0.00637483	0	0
bin.43	0	0	0.000957667	0	0.000507191	0.000345087	0	0	0	0	0	0	0	0.000690654	0	0	0	0.000530269	0	0.000929243	0.000504112	8.69927E-05
bin.44	0	0.000117614	0.000244352	0.000139965	0	0.000322832	0	0.000359864	0.000278305	0.000352411	0.021729188	0.000117444	0	0.000642832	6.3019E-05	0.000445936	0.00017959	0.000214051	0.000585323	0	0.00043992	0
bin.45	0	0	0.000490062	0	0	0.002083442	0	0	0	0	0	0	0	0.000240028	0	0	0	0.000213501	0	0	0	0
bin.46	0	0	0	0	0.003260743	0.000193411	0	0	0	0	0	0	0	0.000153531	0	0.000900266	0.000223862	0	0	0.000562726	0.00043767	0
bin.47	0	0	0	0	8.99904E-05	0	0	0	0	0	0	0	0	0.000850249	0	8.19119E-05	0.006054422	0	0	0	0.000991389	0
bin.48	0	0	0	0	0	0	0	0	0	0	0	0.000176491	0.010024875	0	0.000715326	0	0	0	0	0	0	0
bin.49	0	0.000237359	0	0.002917182	0	0	0	0	0	0	0	0	0	0	0	0	0	0	0	0	0	0
bin.5	0	0	0	0	0	5.48886E-05	0	0	0	0.000132242	0	0.000109849	9.03156E-05	0	0.001876908	0	0	0	0	0	5.25807E-05	0
bin.50	0	0.002442532	0	0.004079979	0	0	0	0	0	0	0	0.00099727	0	0	0	0.001543904	0	0	8.36803E-05	0	0	0
bin.51	0	0	0	0	0.001931609	0	0	0	0	0	0	0	0	0.000201143	0	8.08968E-05	0.00069732	0	0	0.000430492	6.03402E-05	0
bin.52	0	0	0	0	0	0	0	0	0	0	0	0	0	0	0.002537268	0	0	0	0	0	0	0
bin.53	0	0.003898557	0.000121096	0.000915919	0	9.81922E-05	0	0.00018072	0.000298399	0.000272329	0	0.000373599	7.18587E-05	0.000291788	0	0.000583691	9.51599E-05	0.000197981	0.000190011	0	0.000169425	0
bin.54	0	0	0	0	0	0	0	0	0	0	0.001569107	0	0	0	0	0	0	0	0	0	0	0
bin.55	0	0	0.00043492	0	0	0.000582124	0	0	0	0	0.000486318	0	0	0.000598443	0	0	0.000987713	0	0	0	0.000496331	0
bin.56	0	0	0	0.000147687	0	0	0	0	0	0	0	0	0	0	0	0	0	0	0.007432835	0	9.15956E-05	0
bin.57	0	0.000265533	0	0.000126776	0	0	0	0.001176564	0.006841481	0.002025138	0	0.004209563	0.00037989	7.55688E-05	0	0	0	0	0	0	5.81725E-05	0
bin.58	0	0.002127414	0	0.000984922	0	0	0	0	0	0	0	0.000446925	4.53624E-05	0	0	0	0	0	0	0	0	0
bin.59	0	0.000193594	0.00020186	0.000211964	0.041152434	0	0	0	0	0	0	0.000250488	0	0.000175982	0	0.000233356	0	0	0	0.00307196	0.000123177	0
bin.6	0	0	0	0	0	0	0	0	0	0	0	0	0	0.000435229	0	0	0	0	0	0	0.002352333	0
bin.60	0	0	0	0	0.000417842	0.000614585	0.000134692	0.000944553	0.000751211	0.001368303	0.000809955	0	0	0.000431784	0.022188263	0	0.000290953	0.000333071	0	0	0.001041444	0.00133524
bin.61	0	0.001583509	0	0.002172807	0	0	0	0	0	0	0	0.000605598	0.000222808	0	0	0	0	0	0	0	0	0
bin.62	0	0	0	0	0	0	0	0	0	0	0	0.002158005	0.000311842	8.09108E-05	3.7707E-05	0	0	0	0	0	0	0
bin.63	0	0	0	0	0	0	0	0	0	0	0	0	0	0	0.003174799	0	0	0	0	0	0	0
bin.64	0	0	0	0	0	0	0	0	0	0	0	0.000309351	0.003411477	8.98731E-05	0.000530652	0	0	0	0.000173101	0	0	0
bin.65	0	0	0	0	0	0	0	0.00034571	0.000364981	0.000293647	5.20317E-05	0.00011809	0.000592723	0	0.003189391	0	0	0	0	0	0.000247571	0
bin.66	0.000302321	0.003659722	0	0.000874437	0	0	0.000366018	0	0	0.000396749	0	0.000421672	0.00010571	0	0	0	0	0	0	0	0	0
bin.67	0	0	0	0	0	0	0	0	0	0	0	0.000169792	0.002691929	0	0	0	0	0	0	0	0	0
bin.68	0	0	0	0	0	0	0	0	0	0	6.28397E-05	0	0	0	0.00241954	0	0	0	0	0	0	0
bin.69	0	0	0	0	0	0	0	0	0	0	0	0	0	0	0	0.000484661	0.012383858	0	0	0	0	0
bin.7	0	0	0	0	6.58668E-05	5.30457E-05	0	0.003156009	0.001103991	0.001193226	0.000360747	0	0	0	0.011122622	0	0	0	0	0	0.001263083	0
bin.70	0	0	0	0	0	0	0	0.000161643	9.67203E-05	9.1145E-05	0	0	0	0	0.003837157	0	0	0	0	0	0.00020677	0
bin.71	0	0	0	0	0	0	0	0.002310915	0.001222283	0.000546016	0	4.32268E-05	0	0	0	0	0	0	0	0	0	0
bin.72	0	0	0	0	0.000767465	0	0	0	0	0	0	0	0	0	0	0	0	0	0	0.010411996	0.000266851	0
bin.73	0.008774464	0.000103148	0	0	0	0	0.00023769	0	8.3754E-05	0	0	0	0	0	0	0	0	0	0	0	0	0
bin.74	0	0	0	0	0	0	0.000515374	0	0	0	0.007032815	0.000144452	0	0	0	0	0	0	0	0	0	0
bin.75	0	0	0	0	0	0.00042955	0	0	0	0	0	0	0	0	0.010533963	0	0	0	0	0	0	0
bin.76	0	0	0	0	0	0	0	0	0	0	0	0.000376568	0.001967424	0	0	0	0	0	0	0	0	0
bin.77	0	0	0	0	0	0	0	0	0	0	0	0.00037896	8.48267E-05	0	0.000621339	0	0	0	0.004831266	0	0	0
bin.78	0	0	0	0	0	0	0	0	0	0	0.003026244	0	0	0	0	0	0	0	0	0	0	0
bin.79	0	0	0	0	0	0	0	0	0	9.2204E-05	0.004557834	0	3.4345E-05	0	0.000146719	0	0	0	9.39015E-05	0	0	0
bin.8	0	0	0	0	0.003187936	5.69565E-05	0	0	0	0	0	0	0	0.000632739	0	0.000773253	0.002698024	0	0	0.002170161	0.000334968	0
bin.80	0	0	0	0	0	0	0	0	0	0	0	0	0	0	0	0	0	0	0	0	0.000851891	0.006596518
bin.81	0	0	0	0	0	0	0	0.001345423	0.000512776	0.000941034	0.000109878	0.000274057	0.016760705	0.000222152	0.000361142	0	0	0	0.000155745	0	0.000895622	0
bin.82	0	0	0	0	0	0	0	0	0	0	0	0	0	0	0	0.010756409	0.000292563	0	0	0	0.000245647	0
bin.83	0	0.001324367	0	0.000765807	0	0	0	0.000461253	0.000199749	8.10083E-05	0	0.0008018	9.09219E-05	0	0	0.000135558	0	0	0	0	0	0
bin.84	0	0	0	0	0.003011577	0	0	0	0	0	0	0	0	0	0	0	0.000117033	0	0	0.008759918	7.3928E-05	0
bin.85	0	0	0	0	0.00011316	5.85625E-05	0	0	0	0.000835715	0	0	0	0.000140466	0	0.005485318	0	0.00019528	0.000676133	0	8.04451E-05	6.84154E-05
bin.86	0	0	0.000219031	0	0	0	0	0	0	0	0	0	0	0.001846382	0	0	5.95759E-05	0	0	0	0	0
bin.87	0	0	0.018500632	0	0	0.02729885	0	0	0	0	0	0	0	0.000988585	0	0	0	0.001054449	0	0	0.001295245	0.000386842
bin.88	0	0	0	0	0	0	0	0	0	0	0	0.000402448	0	6.26403E-05	0.001260734	0	6.42741E-05	6.93308E-05	9.85345E-05	0	0	0
bin.89	0	0	0	0	0	0	0	0	0	0	0	0	0.001326264	0.000182517	0	0	0	0	0	0	0	0
bin.9	0	0	0.002190136	0	0	0.000796569	0	0	0	0	0	0	0	0.000643769	0	0	0	0.001767161	0	0	0.00030161	0.000287657
bin.90	0	0	0.0003738	0	0	0.000657464	0	0	0	0	0	0	0	0.000188104	0	0	0	0	0	0	0.000228721	0.006127321
bin.91	0	0.001053251	0	0.00060774	0	0	0	0	0	0	0	4.39159E-05	0	0	0	0.006960311	5.91681E-05	0	0	0	0	0
bin.92	0	0	0.001812135	0	0	0.000222435	0	0	0	0	0	0	0	0.000180872	0	0	0	0.000886999	0	0	0.000184511	0
bin.93	0	0	0	0	0	0.000505438	0	0	0	0	0	0	0	0.00434367	0	0	0	0	0	0	0	0.000233287
bin.94	0.000852739	0	0	0	0	0	0.005614504	0.000526508	0	0	0	0	0	0	0	0	0	0	0	0	7.21456E-05	0
bin.95	0	0	0.001253181	0	0	0.002082744	0	0	0	0	0	0	0	0.002498352	0	0	0	0.001460408	0	0	0.001504185	0.019680998
bin.96	0	0.000511882	0	0.001357401	0	0	0	0	0	0	0	0.000606892	8.25989E-05	0	0	0.000106737	0	0	0	0	0	0
bin.98	0	0.000149033	0	0.000253522	0	0	0	0	0	0	0	9.95991E-05	0	0	0.001766915	0	0	0	0	0	0	0
bin.99	0	0.000384201	0	0.001474406	0	0	0	0.000163282	0.000673308	0.000249247	0	0.000308022	3.02987E-05	0	0	0.00014572	0	0	0	0	0	0
